LinearMachine
0 : w = [1.039290323275839, 1.0351612909447883, 0.992064515988544, 0.994032257958912, 0.9663870961794685, 0.9730645156523582, 1.0351612909447883, 1.039290323275839, 0.994032257958912, 0.992064515988544, 0.9730645156523582, 0.9663870961794685, 0.9663870961794685, 0.992064515988544, 0.9730645156523582, 1.039290323275839, 0.994032257958912, 1.0351612909447883]
1 : w = [0.9933548385921556, 0.9678387091083268, 1.0387096781040512, 0.9665483865048522, 1.0420322588083064, 0.9905161288644654, 0.9678387091083268, 0.9933548385921556, 0.9665483865048522, 1.0387096781040512, 0.9905161288644654, 1.0420322588083064, 1.0420322588083064, 1.0387096781040512, 0.9905161288644654, 0.9933548385921556, 0.9665483865048522, 0.9678387091083268]
2 : w = [0.9673548381318273, 0.9969999999468437, 0.9692258059070927, 1.0394193555362332, 0.9915806450122341, 1.0364193554827543, 0.9969999999468437, 0.9673548381318273, 1.0394193555362332, 0.9692258059070927, 1.0364193554827543, 0.9915806450122341, 0.9915806450122341, 0.9692258059070927, 1.0364193554827543, 0.9673548381318273, 1.0394193555362332, 0.9969999999468437]

nv, 5, 7, 9, 11, 13, 15, 17, 19, 21, 23, 25, 27, 29, 31
Training accuracy over 300 profiles by 31 voters is 0.96.
PairMargin, 0.98, 0.98, 0.98, 0.98, 0.98, 0.98, 0.98, 0.98, 0.98, 0.98, 0.98, 0.98, 0.98, 0.98
LinearMachine
0 : w = [1.0328709683239572, 1.0388064522995282, 0.9961290321896015, 0.9916129030774851, 0.9741612898652835, 0.9664193542444864, 1.0388064522995282, 1.0328709683239572, 0.9916129030774851, 0.9961290321896015, 0.9664193542444864, 0.9741612898652835, 0.9741612898652835, 0.9961290321896015, 0.9664193542444864, 1.0328709683239572, 0.9916129030774851, 1.0388064522995282]
1 : w = [0.9974516128581168, 0.9713225801377435, 1.0340645167319442, 0.9721612898299414, 1.0299032263356194, 0.9950967741067956, 0.9713225801377435, 0.9974516128581168, 0.9721612898299414, 1.0340645167319442, 0.9950967741067956, 1.0299032263356194, 1.0299032263356194, 1.0340645167319442, 0.9950967741067956, 0.9974516128581168, 0.9721612898299414, 0.9713225801377435]
2 : w = [0.9696774188182985, 0.9898709675625705, 0.9698064510786109, 1.0362258070926111, 0.995935483799128, 1.0384838716486886, 0.9898709675625705, 0.9696774188182985, 1.0362258070926111, 0.9698064510786109, 1.0384838716486886, 0.995935483799128, 0.995935483799128, 0.9698064510786109, 1.0384838716486886, 0.9696774188182985, 1.0362258070926111, 0.9898709675625705]

nv, 5, 7, 9, 11, 13, 15, 17, 19, 21, 23, 25, 27, 29, 31
Training accuracy over 500 profiles by 31 voters is 0.99.
PairMargin, 0.97, 0.97, 0.97, 0.97, 0.97, 0.97, 0.97, 0.97, 0.97, 0.97, 0.97, 0.97, 0.97, 0.97
LinearMachine
0 : w = [1.011032258259738, 1.0113548389105984, 0.9979354838344366, 0.9988064515917859, 0.990451612734267, 0.9904193546691712, 1.0113548389105984, 1.011032258259738, 0.9988064515917859, 0.9979354838344366, 0.9904193546691712, 0.990451612734267, 0.990451612734267, 0.9979354838344366, 0.9904193546691712, 1.011032258259738, 0.9988064515917859, 1.0113548389105984]
1 : w = [0.9982258064202186, 0.9907741933851352, 1.0115806453662177, 0.9898709675626999, 1.011387096975672, 0.9981612902900457, 0.9907741933851352, 0.9982258064202186, 0.9898709675626999, 1.0115806453662177, 0.9981612902900457, 1.011387096975672, 1.011387096975672, 1.0115806453662177, 0.9981612902900457, 0.9982258064202186, 0.9898709675626999, 0.9907741933851352]
2 : w = [0.990741935320047, 0.9978709677042616, 0.9904838707993617, 1.0113225808455233, 0.9981612902900393, 1.0114193550407822, 0.9978709677042616, 0.990741935320047, 1.0113225808455233, 0.9904838707993617, 1.0114193550407822, 0.9981612902900393, 0.9981612902900393, 0.9904838707993617, 1.0114193550407822, 0.990741935320047, 1.0113225808455233, 0.9978709677042616]

nv, 5, 7, 9, 11, 13, 15, 17, 19, 21, 23, 25, 27, 29, 31
Training accuracy over 800 profiles by 31 voters is 1.00.
PairMargin, 1.00, 1.00, 1.00, 1.00, 0.99, 0.99, 0.99, 0.99, 0.99, 0.99, 0.99, 0.99, 0.99, 0.99
LinearMachine
0 : w = [1.0491290331277194, 1.0486451621518098, 0.992516128899872, 0.9909999998408034, 0.9610322573750222, 0.9576774186059912, 1.0486451621518098, 1.0491290331277194, 0.9909999998408034, 0.992516128899872, 0.9576774186059912, 0.9610322573750222, 0.9610322573750222, 0.992516128899872, 0.9576774186059912, 1.0491290331277194, 0.9909999998408034, 1.0486451621518098]
1 : w = [0.9928709676157934, 0.9608064509192433, 1.0489354847367027, 0.9592903218603844, 1.0466129040504875, 0.9914838708170949, 0.9608064509192433, 0.9928709676157934, 0.9592903218603844, 1.0489354847367027, 0.9914838708170949, 1.0466129040504875, 1.0466129040504875, 1.0489354847367027, 0.9914838708170949, 0.9928709676157934, 0.9592903218603844, 0.9608064509192433]
2 : w = [0.9579999992568615, 0.9905483869295452, 0.958548386363221, 1.049709678299022, 0.9923548385743464, 1.0508387105769177, 0.9905483869295452, 0.9579999992568615, 1.049709678299022, 0.958548386363221, 1.0508387105769177, 0.9923548385743464, 0.9923548385743464, 0.958548386363221, 1.0508387105769177, 0.9579999992568615, 1.049709678299022, 0.9905483869295452]

nv, 5, 7, 9, 11, 13, 15, 17, 19, 21, 23, 25, 27, 29, 31
Training accuracy over 1000 profiles by 31 voters is 1.00.
PairMargin, 1.00, 1.00, 1.00, 1.00, 1.00, 1.00, 1.00, 1.00, 0.99, 0.99, 0.99, 0.99, 0.99, 0.99
LinearMachine
0 : w = [1.0415483878320488, 1.0422903233291525, 0.991580645012255, 0.9942903224795673, 0.9645806445345011, 0.9657096768125853, 1.0422903233291525, 1.0415483878320488, 0.9942903224795673, 0.991580645012255, 0.9657096768125853, 0.9645806445345011, 0.9645806445345011, 0.991580645012255, 0.9657096768125853, 1.0415483878320488, 0.9942903224795673, 1.0422903233291525]
1 : w = [0.9920967740536983, 0.9640967735583141, 1.0434193556069307, 0.9638387090375299, 1.0434193556070421, 0.9931290321365519, 0.9640967735583141, 0.9920967740536983, 0.9638387090375299, 1.0434193556069307, 0.9931290321365519, 1.0434193556070421, 1.0434193556070421, 1.0434193556069307, 0.9931290321365519, 0.9920967740536983, 0.9638387090375299, 0.9640967735583141]
2 : w = [0.9663548381143067, 0.993612903112759, 0.9649999993805887, 1.0418709684828127, 0.9919999998585978, 1.0411612910508619, 0.993612903112759, 0.9663548381143067, 1.0418709684828127, 0.9649999993805887, 1.0411612910508619, 0.9919999998585978, 0.9919999998585978, 0.9649999993805887, 1.0411612910508619, 0.9663548381143067, 1.0418709684828127, 0.993612903112759]

nv, 5, 7, 9, 11, 13, 15, 17, 19, 21, 23, 25, 27, 29, 31
Training accuracy over 2000 profiles by 31 voters is 1.00.
PairMargin, 1.00, 1.00, 1.00, 1.00, 1.00, 1.00, 1.00, 1.00, 1.00, 1.00, 1.00, 1.00, 0.99, 0.99
