LinearMachine
0 : w = [1.0012903226034793, 1.0017419355146957, 1.0014838709939997, 1.0021290322957384, 0.9965161289706099, 0.9968387096214788, 1.0017419355146957, 1.0012903226034793, 1.0021290322957384, 1.0014838709939997, 0.9968387096214788, 0.9965161289706099, 0.9965161289706099, 1.0014838709939997, 0.9968387096214788, 1.0012903226034793, 1.0021290322957384, 1.0017419355146957]
1 : w = [1.0014193548638273, 0.9963225805800874, 1.002258064556086, 0.9961290321895667, 1.0020645161655624, 1.0018064516448677, 0.9963225805800874, 1.0014193548638273, 0.9961290321895667, 1.002258064556086, 1.0018064516448677, 1.0020645161655624, 1.0020645161655624, 1.002258064556086, 1.0018064516448677, 1.0014193548638273, 0.9961290321895667, 0.9963225805800874]
2 : w = [0.9972903225326976, 1.001935483905215, 0.9962580644499136, 1.0017419355146957, 1.0014193548638253, 1.001354838733652, 1.001935483905215, 0.9972903225326976, 1.0017419355146957, 0.9962580644499136, 1.001354838733652, 1.0014193548638253, 1.0014193548638253, 0.9962580644499136, 1.001354838733652, 0.9972903225326976, 1.0017419355146957, 1.001935483905215]

nv, 5, 7, 9, 11, 13, 15, 17, 19, 21, 23, 25, 27, 29, 31
Training accuracy over 300 profiles by 31 voters is 1.00.
Veto, 1.00, 1.00, 1.00, 0.99, 0.99, 0.98, 0.98, 0.97, 0.97, 0.97, 0.97, 0.96, 0.96, 0.96
LinearMachine
0 : w = [1.0030967742483468, 1.0029677419879985, 1.0040000000707803, 1.0024838710116948, 0.9937419353731299, 0.9937096773080476, 1.0029677419879985, 1.0030967742483468, 1.0024838710116948, 1.0040000000707803, 0.9937096773080476, 0.9937419353731299, 0.9937419353731299, 1.0040000000707803, 0.9937096773080476, 1.0030967742483468, 1.0024838710116948, 1.0029677419879985]
1 : w = [1.0014193548638302, 0.9939999998938296, 1.0026451613371252, 0.9949354837813489, 1.0028064516625557, 1.004193548461308, 0.9939999998938296, 1.0014193548638302, 0.9949354837813489, 1.0026451613371252, 1.004193548461308, 1.0028064516625557, 1.0028064516625557, 1.0026451613371252, 1.004193548461308, 1.0014193548638302, 0.9949354837813489, 0.9939999998938296]
2 : w = [0.9954838708878296, 1.0030322581181728, 0.9933548385920873, 1.002580645206953, 1.0034516129643067, 1.0020967742306488, 1.0030322581181728, 0.9954838708878296, 1.002580645206953, 0.9933548385920873, 1.0020967742306488, 1.0034516129643067, 1.0034516129643067, 0.9933548385920873, 1.0020967742306488, 0.9954838708878296, 1.002580645206953, 1.0030322581181728]

nv, 5, 7, 9, 11, 13, 15, 17, 19, 21, 23, 25, 27, 29, 31
Training accuracy over 500 profiles by 31 voters is 1.00.
Veto, 0.99, 0.98, 0.97, 0.96, 0.96, 0.95, 0.95, 0.95, 0.94, 0.94, 0.94, 0.94, 0.93, 0.93
LinearMachine
0 : w = [1.0029677419880014, 1.0040000000707854, 1.0041612903962123, 1.004709677502693, 0.9922580643791313, 0.991903225663181, 1.0040000000707854, 1.0029677419880014, 1.004709677502693, 1.0041612903962123, 0.991903225663181, 0.9922580643791313, 0.9922580643791313, 1.0041612903962123, 0.991903225663181, 1.0029677419880014, 1.004709677502693, 1.0040000000707854]
1 : w = [1.0042903226565625, 0.9910967740360042, 1.00490322589323, 0.9901935482135682, 1.0046129033074382, 1.0049032258932142, 0.9910967740360042, 1.0042903226565625, 0.9901935482135682, 1.00490322589323, 1.0049032258932142, 1.0046129033074382, 1.0046129033074382, 1.00490322589323, 1.0049032258932142, 1.0042903226565625, 0.9901935482135682, 0.9910967740360042]
2 : w = [0.9927419353554389, 1.0049032258932145, 0.9909354837105668, 1.0050967742837433, 1.0031290323134274, 1.0031935484436088, 1.0049032258932145, 0.9927419353554389, 1.0050967742837433, 0.9909354837105668, 1.0031935484436088, 1.0031290323134274, 1.0031290323134274, 0.9909354837105668, 1.0031935484436088, 0.9927419353554389, 1.0050967742837433, 1.0049032258932145]

nv, 5, 7, 9, 11, 13, 15, 17, 19, 21, 23, 25, 27, 29, 31
Training accuracy over 800 profiles by 31 voters is 1.00.
Veto, 1.00, 1.00, 1.00, 0.99, 0.99, 0.99, 0.98, 0.98, 0.97, 0.97, 0.97, 0.97, 0.96, 0.96
LinearMachine
0 : w = [1.0036451613548258, 1.0031290323134336, 1.0030967742483483, 1.0031612903785192, 0.9934838708524374, 0.9934838708524384, 1.0031290323134336, 1.0036451613548258, 1.0031612903785192, 1.0030967742483483, 0.9934838708524384, 0.9934838708524374, 0.9934838708524374, 1.0030967742483483, 0.9934838708524384, 1.0036451613548258, 1.0031612903785192, 1.0031290323134336]
1 : w = [1.001870967775043, 0.9947419353908284, 1.0029677419880012, 0.9938064515033084, 1.0034193548992216, 1.0031935484436132, 0.9947419353908284, 1.001870967775043, 0.9938064515033084, 1.0029677419880012, 1.0031935484436132, 1.0034193548992216, 1.0034193548992216, 1.0029677419880012, 1.0031935484436132, 1.001870967775043, 0.9938064515033084, 0.9947419353908284]
2 : w = [0.994483870870133, 1.0021290322957377, 0.9939354837636566, 1.0030322581181752, 1.003096774248346, 1.003322580703952, 1.0021290322957377, 0.994483870870133, 1.0030322581181752, 0.9939354837636566, 1.003322580703952, 1.003096774248346, 1.003096774248346, 0.9939354837636566, 1.003322580703952, 0.994483870870133, 1.0030322581181752, 1.0021290322957377]

nv, 5, 7, 9, 11, 13, 15, 17, 19, 21, 23, 25, 27, 29, 31
Training accuracy over 1000 profiles by 31 voters is 1.00.
Veto, 1.00, 1.00, 0.99, 0.99, 0.99, 0.99, 0.98, 0.98, 0.98, 0.98, 0.98, 0.97, 0.97, 0.97
LinearMachine
0 : w = [1.0041612903962136, 1.0046774194376098, 1.0055806452600384, 1.0048387097630362, 0.9902903224088309, 0.9904516127342684, 1.0046774194376098, 1.0041612903962136, 1.0048387097630362, 1.0055806452600384, 0.9904516127342684, 0.9902903224088309, 0.9902903224088309, 1.0055806452600384, 0.9904516127342684, 1.0041612903962136, 1.0048387097630362, 1.0046774194376098]
1 : w = [1.0047419355677814, 0.9899032256277857, 1.0055161291298718, 0.9900322578881331, 1.0047741936328791, 1.0050322581535722, 0.9899032256277857, 1.0047419355677814, 0.9900322578881331, 1.0055161291298718, 1.0050322581535722, 1.0047741936328791, 1.0047741936328791, 1.0055161291298718, 1.0050322581535722, 1.0047419355677814, 0.9900322578881331, 0.9899032256277857]
2 : w = [0.9910967740360008, 1.0054193549346042, 0.9889032256100857, 1.0051290323488211, 1.0049354839583071, 1.0045161291121647, 1.0054193549346042, 0.9910967740360008, 1.0051290323488211, 0.9889032256100857, 1.0045161291121647, 1.0049354839583071, 1.0049354839583071, 0.9889032256100857, 1.0045161291121647, 0.9910967740360008, 1.0051290323488211, 1.0054193549346042]

nv, 5, 7, 9, 11, 13, 15, 17, 19, 21, 23, 25, 27, 29, 31
Training accuracy over 2000 profiles by 31 voters is 1.00.
Veto, 1.00, 1.00, 1.00, 1.00, 1.00, 1.00, 1.00, 1.00, 1.00, 1.00, 1.00, 1.00, 0.99, 0.99
