LinearMachine
0 : w = [1.0111290324548576, 1.0129677421659389, 0.9987096773952894, 1.0003548387160894, 0.987967741723832, 0.9888709675454025, 1.0129677421659389, 1.0111290324548576, 1.0003548387160894, 0.9987096773952894, 0.9888709675454025, 0.987967741723832, 0.987967741723832, 0.9987096773952894, 0.9888709675454025, 1.0111290324548576, 1.0003548387160894, 1.0129677421659389]
1 : w = [1.0018387097101475, 0.9855806449061371, 1.0111612905209737, 0.9899032256266166, 1.0120645163416548, 0.9994516128916522, 0.9855806449061371, 1.0018387097101475, 0.9899032256266166, 1.0111612905209737, 0.9994516128916522, 1.0120645163416548, 1.0120645163416548, 1.0111612905209737, 0.9994516128916522, 1.0018387097101475, 0.9899032256266166, 0.9855806449061371]
2 : w = [0.9870322578344702, 1.0014516129292321, 0.9901290320842194, 1.0097419356551323, 0.9999677419347694, 1.0116774195613314, 1.0014516129292321, 0.9870322578344702, 1.0097419356551323, 0.9901290320842194, 1.0116774195613314, 0.9999677419347694, 0.9999677419347694, 0.9901290320842194, 1.0116774195613314, 0.9870322578344702, 1.0097419356551323, 1.0014516129292321]

nv, 5, 7, 9, 11, 13, 15, 17, 19, 21, 23, 25, 27, 29, 31
Training accuracy over 1000 profiles by 31 voters is 0.89.
Copeland, 0.92, 0.92, 0.91, 0.91, 0.90, 0.90, 0.90, 0.90, 0.90, 0.90, 0.90, 0.90, 0.90, 0.90
LinearMachine
0 : w = [1.0097143371249908, 1.012285669954932, 1.0005714303228501, 0.9980000224798066, 0.9902857133900493, 0.9901428568300639, 1.012285669954932, 1.0097143371249908, 0.9980000224798066, 1.0005714303228501, 0.9901428568300639, 0.9902857133900493, 0.9902857133900493, 1.0005714303228501, 0.9901428568300639, 1.0097143371249908, 0.9980000224798066, 1.012285669954932]
1 : w = [1.0019999501611025, 0.9899999991226948, 1.0091428539327119, 0.9898571396271968, 1.0110000008055922, 0.9980000474836787, 0.9899999991226948, 1.0019999501611025, 0.9898571396271968, 1.0091428539327119, 0.9980000474836787, 1.0110000008055922, 1.0110000008055922, 1.0091428539327119, 0.9980000474836787, 1.0019999501611025, 0.9898571396271968, 0.9899999991226948]
2 : w = [0.988285712713912, 0.9977143309218606, 0.99028571574442, 1.0121428378925097, 0.9987142858041796, 1.011857095685422, 0.9977143309218606, 0.988285712713912, 1.0121428378925097, 0.99028571574442, 1.011857095685422, 0.9987142858041796, 0.9987142858041796, 0.99028571574442, 1.011857095685422, 0.988285712713912, 1.0121428378925097, 0.9977143309218606]

nv, 5, 7, 9, 11, 13, 15, 17, 19, 21, 23, 25, 27, 29, 31
Training accuracy over 500 profiles by 7 voters is 0.92.
Copeland, 0.94, 0.92, 0.92, 0.92, 0.91, 0.91, 0.91, 0.91, 0.91, 0.91, 0.91, 0.91, 0.91, 0.91
LinearMachine
0 : w = [1.0081428143225517, 1.008571414952269, 1.001571472659929, 0.9965714719154616, 0.9974285713255934, 0.9897142847808357, 1.008571414952269, 1.0081428143225517, 0.9965714719154616, 1.001571472659929, 0.9897142847808357, 0.9974285713255934, 0.9974285713255934, 1.001571472659929, 0.9897142847808357, 1.0081428143225517, 0.9965714719154616, 1.008571414952269]
1 : w = [1.0040000456088203, 0.994857142323363, 1.0112856713677516, 0.9874285702843766, 1.0075714446177475, 0.994857142516838, 0.994857142323363, 1.0040000456088203, 0.9874285702843766, 1.0112856713677516, 0.994857142516838, 1.0075714446177475, 1.0075714446177475, 1.0112856713677516, 0.994857142516838, 1.0040000456088203, 0.9874285702843766, 0.994857142323363]
2 : w = [0.9878571400686406, 0.9965714427242608, 0.9871428559723193, 1.0159999577998209, 0.9949999840567736, 1.0154285727020862, 0.9965714427242608, 0.9878571400686406, 1.0159999577998209, 0.9871428559723193, 1.0154285727020862, 0.9949999840567736, 0.9949999840567736, 0.9871428559723193, 1.0154285727020862, 0.9878571400686406, 1.0159999577998209, 0.9965714427242608]

nv, 5, 7, 9, 11, 13, 15, 17, 19, 21, 23, 25, 27, 29, 31
Training accuracy over 200 profiles by 7 voters is 0.94.
Copeland, 0.92, 0.92, 0.91, 0.91, 0.90, 0.90, 0.90, 0.90, 0.90, 0.90, 0.90, 0.90, 0.90, 0.90
LinearMachine
0 : w = [1.0098888665293286, 1.0092222003553493, 1.0011110651265729, 0.999555474006905, 0.9910000260370512, 0.9902222224672903, 1.0092222003553493, 1.0098888665293286, 0.999555474006905, 1.0011110651265729, 0.9902222224672903, 0.9910000260370512, 0.9910000260370512, 1.0011110651265729, 0.9902222224672903, 1.0098888665293286, 0.999555474006905, 1.0092222003553493]
1 : w = [1.0030000085170323, 0.9898889002619548, 1.0092222510875701, 0.9898889105210555, 1.009111123205106, 0.9978888869551256, 0.9898889002619548, 1.0030000085170323, 0.9898889105210555, 1.0092222510875701, 0.9978888869551256, 1.009111123205106, 1.009111123205106, 1.0092222510875701, 0.9978888869551256, 1.0030000085170323, 0.9898889105210555, 0.9898889002619548]
2 : w = [0.9871111249541497, 1.0008888993832166, 0.9896666837870746, 1.0105556154733124, 0.999888850757937, 1.0118888905797332, 1.0008888993832166, 0.9871111249541497, 1.0105556154733124, 0.9896666837870746, 1.0118888905797332, 0.999888850757937, 0.999888850757937, 0.9896666837870746, 1.0118888905797332, 0.9871111249541497, 1.0105556154733124, 1.0008888993832166]

nv, 5, 7, 9, 11, 13, 15, 17, 19, 21, 23, 25, 27, 29, 31
Training accuracy over 500 profiles by 9 voters is 0.91.
Copeland, 0.90, 0.89, 0.89, 0.89, 0.89, 0.89, 0.89, 0.88, 0.88, 0.88, 0.88, 0.88, 0.88, 0.88
LinearMachine
0 : w = [1.009387096940133, 1.012290322796328, 0.9989677419167239, 1.0033870968359162, 0.9859677416892824, 0.990999999840296, 1.012290322796328, 1.009387096940133, 1.0033870968359162, 0.9989677419167239, 0.990999999840296, 0.9859677416892824, 0.9859677416892824, 0.9989677419167239, 0.990999999840296, 1.009387096940133, 1.0033870968359162, 1.012290322796328]
1 : w = [1.0017096774495626, 0.9859032255578011, 1.0124193550602612, 0.9871290320296309, 1.0156774196351865, 0.9961612902548025, 0.9859032255578011, 1.0017096774495626, 0.9871290320296309, 1.0124193550602612, 0.9961612902548025, 1.0156774196351865, 1.0156774196351865, 1.0124193550602612, 0.9961612902548025, 1.0017096774495626, 0.9871290320296309, 0.9859032255578011]
2 : w = [0.9889032256100816, 1.0018064516472667, 0.9886129030226354, 1.009483871133005, 0.9983548386797902, 1.0128387099067335, 1.0018064516472667, 0.9889032256100816, 1.009483871133005, 0.9886129030226354, 1.0128387099067335, 0.9983548386797902, 0.9983548386797902, 0.9886129030226354, 1.0128387099067335, 0.9889032256100816, 1.009483871133005, 1.0018064516472667]

nv, 5, 7, 9, 11, 13, 15, 17, 19, 21, 23, 25, 27, 29, 31
Training accuracy over 5000 profiles by 31 voters is 0.86.
Copeland, 0.92, 0.90, 0.90, 0.89, 0.89, 0.89, 0.89, 0.89, 0.89, 0.89, 0.89, 0.89, 0.89, 0.89
