LinearMachine
0 : w = [1.0072903227096461, 1.0088064517687334, 0.9963548386451794, 0.9955483870180104, 0.9967741934913028, 0.9952258063671379, 1.0088064517687334, 1.0072903227096461, 0.9955483870180104, 0.9963548386451794, 0.9952258063671379, 0.9967741934913028, 0.9967741934913028, 0.9963548386451794, 0.9952258063671379, 1.0072903227096461, 0.9955483870180104, 1.0088064517687334]
1 : w = [0.9962258063848274, 0.9969032257516491, 1.0089677420941807, 0.995258064432218, 1.0078064517510323, 0.994838709586086, 0.9969032257516491, 0.9962258063848274, 0.995258064432218, 1.0089677420941807, 0.994838709586086, 1.0078064517510323, 1.0078064517510323, 1.0089677420941807, 0.994838709586086, 0.9962258063848274, 0.995258064432218, 0.9969032257516491]
2 : w = [0.996483870905527, 0.994290322479611, 0.99467741926065, 1.0091935485497878, 0.995419354757651, 1.0099354840467756, 0.994290322479611, 0.996483870905527, 1.0091935485497878, 0.99467741926065, 1.0099354840467756, 0.995419354757651, 0.995419354757651, 0.99467741926065, 1.0099354840467756, 0.996483870905527, 1.0091935485497878, 0.994290322479611]

nv, 5, 7, 9, 11, 13, 15, 17, 19, 21, 23, 25, 27, 29, 31
Training accuracy over 300 profiles by 31 voters is 1.00.
Plurality, 1.00, 1.00, 1.00, 0.99, 0.99, 0.99, 0.99, 0.99, 0.99, 0.99, 0.98, 0.98, 0.98, 0.98
LinearMachine
0 : w = [1.0060000001061717, 1.00774193562086, 0.996258064449917, 0.9966774192960428, 0.9969677418818277, 0.9963548386451786, 1.00774193562086, 1.0060000001061717, 0.9966774192960428, 0.996258064449917, 0.9963548386451786, 0.9969677418818277, 0.9969677418818277, 0.996258064449917, 0.9963548386451786, 1.0060000001061717, 0.9966774192960428, 1.00774193562086]
1 : w = [0.9970967741421752, 0.9963870967102645, 1.0077096775557741, 0.9957419354085217, 1.0065806452777337, 0.9964838709055237, 0.9963870967102645, 0.9970967741421752, 0.9957419354085217, 1.0077096775557741, 0.9964838709055237, 1.0065806452777337, 1.0065806452777337, 1.0077096775557741, 0.9964838709055237, 0.9970967741421752, 0.9957419354085217, 0.9963870967102645]
2 : w = [0.9969032257516561, 0.9958709676688686, 0.9960322579943047, 1.0075806452954335, 0.9964516128404372, 1.0071612904493024, 0.9958709676688686, 0.9969032257516561, 1.0075806452954335, 0.9960322579943047, 1.0071612904493024, 0.9964516128404372, 0.9964516128404372, 0.9960322579943047, 1.0071612904493024, 0.9969032257516561, 1.0075806452954335, 0.9958709676688686]

nv, 5, 7, 9, 11, 13, 15, 17, 19, 21, 23, 25, 27, 29, 31
Training accuracy over 500 profiles by 31 voters is 1.00.
Plurality, 1.00, 1.00, 1.00, 1.00, 1.00, 0.99, 0.99, 0.99, 0.99, 0.99, 0.98, 0.98, 0.98, 0.98
LinearMachine
0 : w = [1.0077741936859455, 1.0103225808278202, 0.9953548386274783, 0.9955483870180017, 0.9950645160416988, 0.995935483799044, 1.0103225808278202, 1.0077741936859455, 0.9955483870180017, 0.9953548386274783, 0.995935483799044, 0.9950645160416988, 0.9950645160416988, 0.9953548386274783, 0.995935483799044, 1.0077741936859455, 0.9955483870180017, 1.0103225808278202]
1 : w = [0.9959354837990433, 0.9943225805446951, 1.0098709679166067, 0.9952258063671348, 1.010193548567475, 0.9944516128050398, 0.9943225805446951, 0.9959354837990433, 0.9952258063671348, 1.0098709679166067, 0.9944516128050398, 1.010193548567475, 1.010193548567475, 1.0098709679166067, 0.9944516128050398, 0.9959354837990433, 0.9952258063671348, 0.9943225805446951]
2 : w = [0.9962903225150029, 0.9953548386274802, 0.9947741934559187, 1.0092258066148725, 0.99474193539083, 1.0096129033959107, 0.9953548386274802, 0.9962903225150029, 1.0092258066148725, 0.9947741934559187, 1.0096129033959107, 0.99474193539083, 0.99474193539083, 0.9947741934559187, 1.0096129033959107, 0.9962903225150029, 1.0092258066148725, 0.9953548386274802]

nv, 5, 7, 9, 11, 13, 15, 17, 19, 21, 23, 25, 27, 29, 31
Training accuracy over 800 profiles by 31 voters is 1.00.
Plurality, 1.00, 1.00, 1.00, 1.00, 1.00, 0.99, 0.99, 0.99, 0.99, 0.99, 0.99, 0.98, 0.98, 0.98
LinearMachine
0 : w = [1.0073870969049086, 1.0084193549876912, 0.9964838709055222, 0.995419354757652, 0.9966129031658673, 0.9956774192783489, 1.0084193549876912, 1.0073870969049086, 0.995419354757652, 0.9964838709055222, 0.9956774192783489, 0.9966129031658673, 0.9966129031658673, 0.9964838709055222, 0.9956774192783489, 1.0073870969049086, 0.995419354757652, 1.0084193549876912]
1 : w = [0.9964516128404352, 0.9966451612309564, 1.0082258065971712, 0.9953225805623913, 1.0081290324019112, 0.995225806367134, 0.9966451612309564, 0.9964516128404352, 0.9953225805623913, 1.0082258065971712, 0.995225806367134, 1.0081290324019112, 1.0081290324019112, 1.0082258065971712, 0.995225806367134, 0.9964516128404352, 0.9953225805623913, 0.9966451612309564]
2 : w = [0.9961612902546524, 0.9949354837813508, 0.9952903224973098, 1.009258064679948, 0.9952580644322222, 1.0090967743545214, 0.9949354837813508, 0.9961612902546524, 1.009258064679948, 0.9952903224973098, 1.0090967743545214, 0.9952580644322222, 0.9952580644322222, 0.9952903224973098, 1.0090967743545214, 0.9961612902546524, 1.009258064679948, 0.9949354837813508]

nv, 5, 7, 9, 11, 13, 15, 17, 19, 21, 23, 25, 27, 29, 31
Training accuracy over 1000 profiles by 31 voters is 1.00.
Plurality, 1.00, 1.00, 1.00, 1.00, 1.00, 1.00, 1.00, 1.00, 1.00, 1.00, 0.99, 0.99, 0.99, 0.99
LinearMachine
0 : w = [1.0091612904846905, 1.011064516324819, 0.9944516128050523, 0.9951612902369624, 0.9945806450653973, 0.9955806450830958, 1.011064516324819, 1.0091612904846905, 0.9951612902369624, 0.9944516128050523, 0.9955806450830958, 0.9945806450653973, 0.9945806450653973, 0.9944516128050523, 0.9955806450830958, 1.0091612904846905, 0.9951612902369624, 1.011064516324819]
1 : w = [0.9947419353908284, 0.9940967740890895, 1.0116451614963706, 0.9948387095860856, 1.0113225808455142, 0.9933548385920848, 0.9940967740890895, 0.9947419353908284, 0.9948387095860856, 1.0116451614963706, 0.9933548385920848, 1.0113225808455142, 1.0113225808455142, 1.0116451614963706, 0.9933548385920848, 0.9947419353908284, 0.9948387095860856, 0.9940967740890895]
2 : w = [0.9960967741244792, 0.9948387095860893, 0.9939032256985645, 1.0100000001769462, 0.9940967740890844, 1.011064516324826, 0.9948387095860893, 0.9960967741244792, 1.0100000001769462, 0.9939032256985645, 1.011064516324826, 0.9940967740890844, 0.9940967740890844, 0.9939032256985645, 1.011064516324826, 0.9960967741244792, 1.0100000001769462, 0.9948387095860893]

nv, 5, 7, 9, 11, 13, 15, 17, 19, 21, 23, 25, 27, 29, 31
Training accuracy over 2000 profiles by 31 voters is 1.00.
Plurality, 1.00, 1.00, 1.00, 1.00, 1.00, 1.00, 1.00, 0.99, 0.99, 0.99, 0.99, 0.99, 0.99, 0.99
