LinearMachine
0 : w = [1.004580645242347, 1.0048387097630367, 1.0008064516271795, 0.9998064516094781, 0.9953548386274782, 0.994612903130483, 1.0048387097630367, 1.004580645242347, 0.9998064516094781, 1.0008064516271795, 0.994612903130483, 0.9953548386274782, 0.9953548386274782, 1.0008064516271795, 0.994612903130483, 1.004580645242347, 0.9998064516094781, 1.0048387097630367]
1 : w = [0.9992903225680871, 0.9952258063671322, 1.0047741936328625, 0.995645161213262, 1.0045483871772527, 1.000516129041393, 0.9952258063671322, 0.9992903225680871, 0.995645161213262, 1.0047741936328625, 1.000516129041393, 1.0045483871772527, 1.0045483871772527, 1.0047741936328625, 1.000516129041393, 0.9992903225680871, 0.995645161213262, 0.9952258063671322]
2 : w = [0.9961290321895659, 0.9999354838698262, 0.9944193547399587, 1.0045483871772551, 1.0000967741952627, 1.0048709678281307, 0.9999354838698262, 0.9961290321895659, 1.0045483871772551, 0.9944193547399587, 1.0048709678281307, 1.0000967741952627, 1.0000967741952627, 0.9944193547399587, 1.0048709678281307, 0.9961290321895659, 1.0045483871772551, 0.9999354838698262]

nv, 5, 7, 9, 11, 13, 15, 17, 19, 21, 23, 25, 27, 29, 31
Training accuracy over 300 profiles by 31 voters is 1.00.
Borda, 1.00, 1.00, 0.99, 0.99, 0.98, 0.98, 0.98, 0.98, 0.98, 0.98, 0.97, 0.97, 0.97, 0.97
LinearMachine
0 : w = [1.0079677420764712, 1.0085161291829514, 0.999967741934944, 1.001096774212982, 0.9912903224265278, 0.9911612901661767, 1.0085161291829514, 1.0079677420764712, 1.001096774212982, 0.999967741934944, 0.9911612901661767, 0.9912903224265278, 0.9912903224265278, 0.999967741934944, 0.9911612901661767, 1.0079677420764712, 1.001096774212982, 1.0085161291829514]
1 : w = [0.9998387096745666, 0.9897096772372667, 1.008967742094144, 0.9906129030597002, 1.009161290484693, 1.0017096774495993, 0.9897096772372667, 0.9998387096745666, 0.9906129030597002, 1.008967742094144, 1.0017096774495993, 1.009161290484693, 1.009161290484693, 1.008967742094144, 1.0017096774495993, 0.9998387096745666, 0.9906129030597002, 0.9897096772372667]
2 : w = [0.9921935482489616, 1.0017741935797853, 0.9910645159709242, 1.0082903227273394, 0.9995483870887877, 1.0071290323842155, 1.0017741935797853, 0.9921935482489616, 1.0082903227273394, 0.9910645159709242, 1.0071290323842155, 0.9995483870887877, 0.9995483870887877, 0.9910645159709242, 1.0071290323842155, 0.9921935482489616, 1.0082903227273394, 1.0017741935797853]

nv, 5, 7, 9, 11, 13, 15, 17, 19, 21, 23, 25, 27, 29, 31
Training accuracy over 500 profiles by 31 voters is 1.00.
Borda, 0.99, 0.99, 0.98, 0.98, 0.98, 0.98, 0.97, 0.97, 0.97, 0.97, 0.97, 0.97, 0.97, 0.97
LinearMachine
0 : w = [1.0072903227096457, 1.0078387098161323, 1.000741935496995, 0.9999032258047391, 0.9917096772726608, 0.9925161288998289, 1.0078387098161323, 1.0072903227096457, 0.9999032258047391, 1.000741935496995, 0.9925161288998289, 0.9917096772726608, 0.9917096772726608, 1.000741935496995, 0.9925161288998289, 1.0072903227096457, 0.9999032258047391, 1.0078387098161323]
1 : w = [1.0000645161301729, 0.991838709533, 1.007838709816128, 0.9918709675980906, 1.008774193703642, 0.9996129032189542, 0.991838709533, 1.0000645161301729, 0.9918709675980906, 1.007838709816128, 0.9996129032189542, 1.008774193703642, 1.008774193703642, 1.007838709816128, 0.9996129032189542, 1.0000645161301729, 0.9918709675980906, 0.991838709533]
2 : w = [0.9926451611601769, 1.0003225806508724, 0.9914193546868709, 1.008225806597157, 0.9995161290236937, 1.0078709678812188, 1.0003225806508724, 0.9926451611601769, 1.008225806597157, 0.9914193546868709, 1.0078709678812188, 0.9995161290236937, 0.9995161290236937, 0.9914193546868709, 1.0078709678812188, 0.9926451611601769, 1.008225806597157, 1.0003225806508724]

nv, 5, 7, 9, 11, 13, 15, 17, 19, 21, 23, 25, 27, 29, 31
Training accuracy over 800 profiles by 31 voters is 1.00.
Borda, 1.00, 1.00, 1.00, 1.00, 1.00, 1.00, 0.99, 0.99, 0.99, 0.99, 0.99, 0.99, 0.99, 0.99
LinearMachine
0 : w = [1.0076774194906952, 1.0072903227096504, 1.000193548390518, 1.000516129041398, 0.9919032256631789, 0.9924193547045689, 1.0072903227096504, 1.0076774194906952, 1.000516129041398, 1.000193548390518, 0.9924193547045689, 0.9919032256631789, 0.9919032256631789, 1.000193548390518, 0.9924193547045689, 1.0076774194906952, 1.000516129041398, 1.0072903227096504]
1 : w = [0.999548387088779, 0.9928064514856149, 1.0085161291829519, 0.9917741934028277, 1.0079677420764852, 0.9993870967633465, 0.9928064514856149, 0.999548387088779, 0.9917741934028277, 1.0085161291829519, 0.9993870967633465, 1.0079677420764852, 1.0079677420764852, 1.0085161291829519, 0.9993870967633465, 0.999548387088779, 0.9917741934028277, 0.9928064514856149]
2 : w = [0.9927741934205246, 0.999903225804742, 0.9912903224265213, 1.007709677555772, 1.000129032260349, 1.0081935485320788, 0.999903225804742, 0.9927741934205246, 1.007709677555772, 0.9912903224265213, 1.0081935485320788, 1.000129032260349, 1.000129032260349, 0.9912903224265213, 1.0081935485320788, 0.9927741934205246, 1.007709677555772, 0.999903225804742]

nv, 5, 7, 9, 11, 13, 15, 17, 19, 21, 23, 25, 27, 29, 31
Training accuracy over 1000 profiles by 31 voters is 1.00.
Borda, 1.00, 1.00, 1.00, 1.00, 1.00, 1.00, 1.00, 0.99, 0.99, 0.99, 0.99, 0.99, 0.99, 0.99
LinearMachine
0 : w = [1.0085161291829545, 1.0087419356385656, 0.9997096774142238, 1.000322580650864, 0.9911612901661754, 0.9915483869472196, 1.0087419356385656, 1.0085161291829545, 1.000322580650864, 0.9997096774142238, 0.9915483869472196, 0.9911612901661754, 0.9911612901661754, 0.9997096774142238, 0.9915483869472196, 1.0085161291829545, 1.000322580650864, 1.0087419356385656]
1 : w = [0.9996129032189565, 0.9911612901661808, 1.0100000001769507, 0.9903225804739155, 1.0092903227450398, 0.9996129032189598, 0.9911612901661808, 0.9996129032189565, 0.9903225804739155, 1.0100000001769507, 0.9996129032189598, 1.0092903227450398, 1.0092903227450398, 1.0100000001769507, 0.9996129032189598, 0.9996129032189565, 0.9903225804739155, 0.9911612901661808]
2 : w = [0.9918709675980926, 1.0000967741952616, 0.9902903224088335, 1.0093548388752136, 0.9995483870887872, 1.0088387098338139, 1.0000967741952616, 0.9918709675980926, 1.0093548388752136, 0.9902903224088335, 1.0088387098338139, 0.9995483870887872, 0.9995483870887872, 0.9902903224088335, 1.0088387098338139, 0.9918709675980926, 1.0093548388752136, 1.0000967741952616]

nv, 5, 7, 9, 11, 13, 15, 17, 19, 21, 23, 25, 27, 29, 31
Training accuracy over 2000 profiles by 31 voters is 1.00.
Borda, 1.00, 1.00, 1.00, 1.00, 1.00, 1.00, 1.00, 1.00, 1.00, 1.00, 0.99, 0.99, 0.99, 0.99
