LinearMachine
0 : w = [1.0092580646803568, 1.0108064518032702, 1.0000000000029452, 1.0008387096927578, 0.9904838707994524, 0.9896129030416456, 1.0108064518032702, 1.0092580646803568, 1.0008387096927578, 1.0000000000029452, 0.9896129030416456, 0.9904838707994524, 0.9904838707994524, 1.0000000000029452, 0.9896129030416456, 1.0092580646803568, 1.0008387096927578, 1.0108064518032702]
1 : w = [1.0024193548807625, 0.9881612901131207, 1.0107741937390962, 0.9882258062444428, 1.0111612905186171, 0.9982580644856857, 0.9881612901131207, 1.0024193548807625, 0.9882258062444428, 1.0107741937390962, 0.9982580644856857, 1.0111612905186171, 1.0111612905186171, 1.0107741937390962, 0.9982580644856857, 1.0024193548807625, 0.9882258062444428, 0.9881612901131207]
2 : w = [0.9883225804384059, 1.0010322580840536, 0.9892258062622444, 1.010935484067066, 0.9983548386798127, 1.0121290324732406, 1.0010322580840536, 0.9883225804384059, 1.010935484067066, 0.9892258062622444, 1.0121290324732406, 0.9983548386798127, 0.9983548386798127, 0.9892258062622444, 1.0121290324732406, 0.9883225804384059, 1.010935484067066, 1.0010322580840536]

nv, 5, 7, 9, 11, 13, 15, 17, 19, 21, 23, 25, 27, 29, 31
Training accuracy over 1000 profiles by 31 voters is 0.84.
Maximin, 0.92, 0.91, 0.91, 0.90, 0.90, 0.90, 0.89, 0.89, 0.89, 0.89, 0.89, 0.89, 0.89, 0.89
LinearMachine
0 : w = [1.0151428697596385, 1.0142856333482926, 0.9992857564495407, 0.9978572194597399, 0.988714284524723, 0.9857142844418344, 1.0142856333482926, 1.0151428697596385, 0.9978572194597399, 0.9992857564495407, 0.9857142844418344, 0.988714284524723, 0.988714284524723, 0.9992857564495407, 0.9857142844418344, 1.0151428697596385, 0.9978572194597399, 1.0142856333482926]
1 : w = [0.9992857454374793, 0.988285713250351, 1.014714244811176, 0.9865714274078087, 1.011285683705938, 0.998857218806935, 0.988285713250351, 0.9992857454374793, 0.9865714274078087, 1.014714244811176, 0.998857218806935, 1.011285683705938, 1.011285683705938, 1.014714244811176, 0.998857218806935, 0.9992857454374793, 0.9865714274078087, 0.988285713250351]
2 : w = [0.9855713848028256, 0.9974286534007463, 0.9859999987389909, 1.0155713531318804, 1.0000000317693027, 1.0154284967507137, 0.9974286534007463, 0.9855713848028256, 1.0155713531318804, 0.9859999987389909, 1.0154284967507137, 1.0000000317693027, 1.0000000317693027, 0.9859999987389909, 1.0154284967507137, 0.9855713848028256, 1.0155713531318804, 0.9974286534007463]

nv, 5, 7, 9, 11, 13, 15, 17, 19, 21, 23, 25, 27, 29, 31
Training accuracy over 500 profiles by 7 voters is 0.97.
Maximin, 0.95, 0.93, 0.92, 0.91, 0.91, 0.91, 0.91, 0.91, 0.90, 0.90, 0.90, 0.90, 0.90, 0.90
LinearMachine
0 : w = [1.0111428221689596, 1.0097142473602128, 0.9992857582972777, 0.9974285912632405, 0.9908571420141641, 0.992571428005717, 1.0097142473602128, 1.0111428221689596, 0.9974285912632405, 0.9992857582972777, 0.992571428005717, 0.9908571420141641, 0.9908571420141641, 0.9992857582972777, 0.992571428005717, 1.0111428221689596, 0.9974285912632405, 1.0097142473602128]
1 : w = [0.9980000357570291, 0.9934285719253604, 1.0127142427939277, 0.985999998783694, 1.0129999563311232, 0.996857142745845, 0.9934285719253604, 0.9980000357570291, 0.985999998783694, 1.0127142427939277, 0.996857142745845, 1.0129999563311232, 1.0129999563311232, 1.0127142427939277, 0.996857142745845, 0.9980000357570291, 0.985999998783694, 0.9934285719253604]
2 : w = [0.9908571420737683, 0.9968571807141345, 0.9879999989084914, 1.0165714099529168, 0.9961429016543785, 1.010571429248099, 0.9968571807141345, 0.9908571420737683, 1.0165714099529168, 0.9879999989084914, 1.010571429248099, 0.9961429016543785, 0.9961429016543785, 0.9879999989084914, 1.010571429248099, 0.9908571420737683, 1.0165714099529168, 0.9968571807141345]

nv, 5, 7, 9, 11, 13, 15, 17, 19, 21, 23, 25, 27, 29, 31
Training accuracy over 200 profiles by 7 voters is 0.96.
Maximin, 0.95, 0.93, 0.92, 0.92, 0.91, 0.91, 0.91, 0.91, 0.91, 0.91, 0.91, 0.90, 0.90, 0.90
LinearMachine
0 : w = [1.0097777679066047, 1.0087777525413384, 0.9978888137380211, 1.000444454922167, 0.9906666758317869, 0.9924444220428775, 1.0087777525413384, 1.0097777679066047, 1.000444454922167, 0.9978888137380211, 0.9924444220428775, 0.9906666758317869, 0.9906666758317869, 0.9978888137380211, 0.9924444220428775, 1.0097777679066047, 1.000444454922167, 1.0087777525413384]
1 : w = [1.001777787993336, 0.9912222387573837, 1.0083334022850228, 0.9903333440156793, 1.01033332887845, 0.9980000214068436, 0.9912222387573837, 1.001777787993336, 0.9903333440156793, 1.0083334022850228, 0.9980000214068436, 1.01033332887845, 1.01033332887845, 1.0083334022850228, 0.9980000214068436, 1.001777787993336, 0.9903333440156793, 0.9912222387573837]
2 : w = [0.9884444441000687, 1.0000000087020482, 0.9937777839775278, 1.0092222010634506, 0.9989999952879682, 1.0095555565505208, 1.0000000087020482, 0.9884444441000687, 1.0092222010634506, 0.9937777839775278, 1.0095555565505208, 0.9989999952879682, 0.9989999952879682, 0.9937777839775278, 1.0095555565505208, 0.9884444441000687, 1.0092222010634506, 1.0000000087020482]

nv, 5, 7, 9, 11, 13, 15, 17, 19, 21, 23, 25, 27, 29, 31
Training accuracy over 500 profiles by 9 voters is 0.94.
Maximin, 0.94, 0.93, 0.92, 0.91, 0.91, 0.91, 0.90, 0.90, 0.90, 0.90, 0.90, 0.90, 0.90, 0.90
LinearMachine
0 : w = [1.0114838711708622, 1.012935484100488, 0.9980967741617798, 1.00229032262395, 0.9855161287772372, 0.9896774191707098, 1.012935484100488, 1.0114838711708622, 1.00229032262395, 0.9980967741617798, 0.9896774191707098, 0.9855161287772372, 0.9855161287772372, 0.9980967741617798, 0.9896774191707098, 1.0114838711708622, 1.00229032262395, 1.012935484100488]
1 : w = [1.001419354863085, 0.9850322577991376, 1.012129032472666, 0.9883870965694841, 1.0156129034991357, 0.9974193547913791, 0.9850322577991376, 1.001419354863085, 0.9883870965694841, 1.012129032472666, 0.9974193547913791, 1.0156129034991357, 1.0156129034991357, 1.012129032472666, 0.9974193547913791, 1.001419354863085, 0.9883870965694841, 0.9850322577991376]
2 : w = [0.9870967739651398, 1.002032258101416, 0.9897741933658627, 1.0093225808054658, 0.9988709677209932, 1.0129032260350526, 1.002032258101416, 0.9870967739651398, 1.0093225808054658, 0.9897741933658627, 1.0129032260350526, 0.9988709677209932, 0.9988709677209932, 0.9897741933658627, 1.0129032260350526, 0.9870967739651398, 1.0093225808054658, 1.002032258101416]

nv, 5, 7, 9, 11, 13, 15, 17, 19, 21, 23, 25, 27, 29, 31
Training accuracy over 5000 profiles by 31 voters is 0.90.
Maximin, 0.93, 0.92, 0.91, 0.90, 0.90, 0.90, 0.90, 0.89, 0.89, 0.89, 0.89, 0.89, 0.89, 0.89
