LinearMachine
0 : w = [1.007483871099559, 1.011322580845913, 1.0000967741957245, 1.000645161299467, 0.9884838707638525, 0.9919677417932931, 1.011322580845913, 1.007483871099559, 1.000645161299467, 1.0000967741957245, 0.9919677417932931, 0.9884838707638525, 0.9884838707638525, 1.0000967741957245, 0.9919677417932931, 1.007483871099559, 1.000645161299467, 1.011322580845913]
1 : w = [1.0021612903614703, 0.9880967739826578, 1.0112903227840053, 0.9881935481777795, 1.0112258066493016, 0.9980322580304359, 0.9880967739826578, 1.0021612903614703, 0.9881935481777795, 1.0112903227840053, 0.9980322580304359, 1.0112258066493016, 1.0112258066493016, 1.0112903227840053, 0.9980322580304359, 1.0021612903614703, 0.9881935481777795, 0.9880967739826578]
2 : w = [0.9903548385391066, 1.0005806451714203, 0.988612903025657, 1.0111612905210101, 1.0002903225866637, 1.0100000001759806, 1.0005806451714203, 0.9903548385391066, 1.0111612905210101, 0.988612903025657, 1.0100000001759806, 1.0002903225866637, 1.0002903225866637, 0.988612903025657, 1.0100000001759806, 0.9903548385391066, 1.0111612905210101, 1.0005806451714203]

nv, 5, 7, 9, 11, 13, 15, 17, 19, 21, 23, 25, 27, 29, 31
Training accuracy over 1000 profiles by 31 voters is 0.86.
Condorcet, 0.93, 0.91, 0.91, 0.90, 0.89, 0.89, 0.89, 0.89, 0.89, 0.89, 0.89, 0.89, 0.89, 0.89
LinearMachine
0 : w = [1.0082858094934157, 1.0078571492589323, 0.9985715030047237, 0.9997143742002442, 0.9922856980475252, 0.9932856752367655, 1.0078571492589323, 1.0082858094934157, 0.9997143742002442, 0.9985715030047237, 0.9932856752367655, 0.9922856980475252, 0.9922856980475252, 0.9985715030047237, 0.9932856752367655, 1.0082858094934157, 0.9997143742002442, 1.0078571492589323]
1 : w = [0.9997142451119957, 0.9924285623858745, 1.0078571023946847, 0.9927142403690979, 1.008857157099752, 0.9984286384276322, 0.9924285623858745, 0.9997142451119957, 0.9927142403690979, 1.0078571023946847, 0.9984286384276322, 1.008857157099752, 1.008857157099752, 1.0078571023946847, 0.9984286384276322, 0.9997142451119957, 0.9927142403690979, 0.9924285623858745]
2 : w = [0.9919999453949879, 0.9997142883550478, 0.9935713946002891, 1.0075713854302153, 0.9988571448525916, 1.008285686335068, 0.9997142883550478, 0.9919999453949879, 1.0075713854302153, 0.9935713946002891, 1.008285686335068, 0.9988571448525916, 0.9988571448525916, 0.9935713946002891, 1.008285686335068, 0.9919999453949879, 1.0075713854302153, 0.9997142883550478]

nv, 5, 7, 9, 11, 13, 15, 17, 19, 21, 23, 25, 27, 29, 31
Training accuracy over 500 profiles by 7 voters is 0.93.
Condorcet, 0.95, 0.94, 0.94, 0.93, 0.93, 0.93, 0.93, 0.93, 0.92, 0.92, 0.92, 0.92, 0.92, 0.92
LinearMachine
0 : w = [1.0119999585337058, 1.0115713848602434, 0.9992857568965559, 0.9985714736346929, 0.9891428562014242, 0.9894285704836794, 1.0115713848602434, 1.0119999585337058, 0.9985714736346929, 0.9992857568965559, 0.9894285704836794, 0.9891428562014242, 0.9891428562014242, 0.9992857568965559, 0.9894285704836794, 1.0119999585337058, 0.9985714736346929, 1.0115713848602434]
1 : w = [0.9982857566702222, 0.9892857132978478, 1.010285672542152, 0.9918571421957713, 1.011428529358247, 0.9988571871122873, 0.9892857132978478, 0.9982857566702222, 0.9918571421957713, 1.010285672542152, 0.9988571871122873, 1.011428529358247, 1.011428529358247, 1.010285672542152, 0.9988571871122873, 0.9982857566702222, 0.9918571421957713, 0.9892857132978478]
2 : w = [0.9897142847957364, 0.9991429018416026, 0.9904285705609791, 1.0095713841692013, 0.9994286144400099, 1.0117142424037031, 0.9991429018416026, 0.9897142847957364, 1.0095713841692013, 0.9904285705609791, 1.0117142424037031, 0.9994286144400099, 0.9994286144400099, 0.9904285705609791, 1.0117142424037031, 0.9897142847957364, 1.0095713841692013, 0.9991429018416026]

nv, 5, 7, 9, 11, 13, 15, 17, 19, 21, 23, 25, 27, 29, 31
Training accuracy over 200 profiles by 7 voters is 0.96.
Condorcet, 0.95, 0.94, 0.93, 0.93, 0.93, 0.93, 0.92, 0.92, 0.92, 0.92, 0.92, 0.92, 0.92, 0.92
LinearMachine
0 : w = [1.0078888824969945, 1.0063333943962782, 0.998555534882034, 1.001222132493001, 0.9927778233137527, 0.9942222396821144, 1.0063333943962782, 1.0078888824969945, 1.001222132493001, 0.998555534882034, 0.9942222396821144, 0.9927778233137527, 0.9927778233137527, 0.998555534882034, 0.9942222396821144, 1.0078888824969945, 1.001222132493001, 1.0063333943962782]
1 : w = [1.0019999917580347, 0.9918888936815013, 1.0092222420722365, 0.9912222637907567, 1.0088888645371081, 0.9967777615146424, 0.9918888936815013, 1.0019999917580347, 0.9912222637907567, 1.0092222420722365, 0.9967777615146424, 1.0088888645371081, 1.0088888645371081, 1.0092222420722365, 0.9967777615146424, 1.0019999917580347, 0.9912222637907567, 0.9918888936815013]
2 : w = [0.9901111257445286, 1.0017777119233544, 0.9922222230474057, 1.0075556037147329, 0.9983333121487897, 1.008999998805012, 1.0017777119233544, 0.9901111257445286, 1.0075556037147329, 0.9922222230474057, 1.008999998805012, 0.9983333121487897, 0.9983333121487897, 0.9922222230474057, 1.008999998805012, 0.9901111257445286, 1.0075556037147329, 1.0017777119233544]

nv, 5, 7, 9, 11, 13, 15, 17, 19, 21, 23, 25, 27, 29, 31
Training accuracy over 500 profiles by 9 voters is 0.90.
Condorcet, 0.94, 0.91, 0.91, 0.90, 0.90, 0.90, 0.90, 0.90, 0.90, 0.90, 0.90, 0.90, 0.90, 0.89
LinearMachine
0 : w = [1.0077741936855522, 1.0126774195793418, 0.9999032258043259, 1.0021612903620138, 0.9864193545972583, 0.9920645159877368, 1.0126774195793418, 1.0077741936855522, 1.0021612903620138, 0.9999032258043259, 0.9920645159877368, 0.9864193545972583, 0.9864193545972583, 0.9999032258043259, 0.9920645159877368, 1.0077741936855522, 1.0021612903620138, 1.0126774195793418]
1 : w = [1.000548387106635, 0.9868064513793435, 1.011000000199256, 0.9893870965875322, 1.0142580647665478, 0.9969999999460142, 0.9868064513793435, 1.000548387106635, 0.9893870965875322, 1.011000000199256, 0.9969999999460142, 1.0142580647665478, 1.0142580647665478, 1.011000000199256, 0.9969999999460142, 1.000548387106635, 0.9893870965875322, 0.9868064513793435]
2 : w = [0.9916774192077134, 1.0005161290426385, 0.9890967740000318, 1.0084516130512544, 0.9993225806320207, 1.0109354840673372, 1.0005161290426385, 0.9916774192077134, 1.0084516130512544, 0.9890967740000318, 1.0109354840673372, 0.9993225806320207, 0.9993225806320207, 0.9890967740000318, 1.0109354840673372, 0.9916774192077134, 1.0084516130512544, 1.0005161290426385]

nv, 5, 7, 9, 11, 13, 15, 17, 19, 21, 23, 25, 27, 29, 31
Training accuracy over 5000 profiles by 31 voters is 0.85.
Condorcet, 0.92, 0.90, 0.90, 0.89, 0.89, 0.89, 0.89, 0.89, 0.89, 0.89, 0.89, 0.89, 0.89, 0.89
