accu_train: 1.00 (n=5, n_profile=100, n_distinct=54, t=3297)
nv, 5, 7, 9, 11, 13, 15, 17, 19, 21, 23, 25, 27, 29, 31, 33
Veto, 1.00, 1.00, 1.00, 1.00, 0.99, 0.98, 0.99, 0.99, 0.98, 0.98, 0.98, 0.98, 0.98, 0.98, 0.98
accu_train: 0.99 (n=5, n_profile=200, n_distinct=100, t=14221)
nv, 5, 7, 9, 11, 13, 15, 17, 19, 21, 23, 25, 27, 29, 31, 33
Veto, 0.95, 0.86, 0.92, 0.88, 0.93, 0.89, 0.87, 0.90, 0.88, 0.90, 0.89, 0.87, 0.89, 0.88, 0.89
accu_train: 0.99 (n=7, n_profile=100, n_distinct=62, t=3399)
nv, 5, 7, 9, 11, 13, 15, 17, 19, 21, 23, 25, 27, 29, 31, 33
Veto, 0.96, 0.96, 0.95, 0.93, 0.93, 0.91, 0.91, 0.91, 0.90, 0.90, 0.90, 0.90, 0.89, 0.89, 0.89
accu_train: 1.00 (n=7, n_profile=200, n_distinct=118, t=13782)
nv, 5, 7, 9, 11, 13, 15, 17, 19, 21, 23, 25, 27, 29, 31, 33
Veto, 1.00, 0.99, 0.99, 0.98, 0.97, 0.93, 0.93, 0.94, 0.94, 0.94, 0.94, 0.93, 0.92, 0.92, 0.92
accu_train: 1.00 (n=7, n_profile=300, n_distinct=137, t=37891)
nv, 5, 7, 9, 11, 13, 15, 17, 19, 21, 23, 25, 27, 29, 31, 33
Veto, 1.00, 1.00, 1.00, 1.00, 1.00, 0.99, 0.98, 0.99, 0.98, 0.98, 0.98, 0.98, 0.98, 0.98, 0.97
accu_train: 1.00 (n=7, n_profile=400, n_distinct=186, t=45401)
nv, 5, 7, 9, 11, 13, 15, 17, 19, 21, 23, 25, 27, 29, 31, 33
Veto, 1.00, 1.00, 1.00, 0.99, 1.00, 0.99, 0.98, 0.99, 0.98, 0.98, 0.99, 0.98, 0.98, 0.98, 0.98
accu_train: 1.00 (n=7, n_profile=500, n_distinct=216, t=104261)
nv, 5, 7, 9, 11, 13, 15, 17, 19, 21, 23, 25, 27, 29, 31, 33
Veto, 1.00, 1.00, 0.98, 1.00, 0.99, 0.98, 0.98, 0.99, 0.98, 0.98, 0.99, 0.98, 0.98, 0.98, 0.98
accu_train: 1.00 (n=7, n_profile=600, n_distinct=231, t=112796)
nv, 5, 7, 9, 11, 13, 15, 17, 19, 21, 23, 25, 27, 29, 31, 33
Veto, 1.00, 1.00, 1.00, 0.99, 1.00, 0.99, 0.98, 0.99, 0.98, 0.98, 0.99, 0.98, 0.98, 0.98, 0.98
accu_train: 1.00 (n=7, n_profile=700, n_distinct=233, t=155257)
nv, 5, 7, 9, 11, 13, 15, 17, 19, 21, 23, 25, 27, 29, 31, 33
Veto, 1.00, 1.00, 1.00, 0.99, 1.00, 0.99, 0.98, 0.99, 0.98, 0.98, 0.99, 0.98, 0.98, 0.98, 0.98
accu_train: 0.98 (n=9, n_profile=100, n_distinct=75, t=4188)
nv, 5, 7, 9, 11, 13, 15, 17, 19, 21, 23, 25, 27, 29, 31, 33
Veto, 0.99, 0.97, 0.95, 0.94, 0.94, 0.93, 0.92, 0.92, 0.91, 0.91, 0.91, 0.90, 0.90, 0.90, 0.90
accu_train: 0.98 (n=9, n_profile=200, n_distinct=138, t=20310)
nv, 5, 7, 9, 11, 13, 15, 17, 19, 21, 23, 25, 27, 29, 31, 33
Veto, 0.95, 0.92, 0.91, 0.90, 0.90, 0.88, 0.88, 0.88, 0.88, 0.87, 0.87, 0.87, 0.86, 0.87, 0.86
accu_train: 1.00 (n=9, n_profile=300, n_distinct=192, t=30471)
nv, 5, 7, 9, 11, 13, 15, 17, 19, 21, 23, 25, 27, 29, 31, 33
Veto, 1.00, 1.00, 1.00, 1.00, 1.00, 1.00, 1.00, 1.00, 1.00, 1.00, 1.00, 1.00, 0.99, 0.99, 0.99
accu_train: 1.00 (n=9, n_profile=400, n_distinct=254, t=62138)
nv, 5, 7, 9, 11, 13, 15, 17, 19, 21, 23, 25, 27, 29, 31, 33
Veto, 1.00, 0.98, 0.99, 0.98, 0.98, 0.97, 0.97, 0.97, 0.97, 0.96, 0.96, 0.96, 0.96, 0.96, 0.96
accu_train: 1.00 (n=9, n_profile=500, n_distinct=277, t=90813)
nv, 5, 7, 9, 11, 13, 15, 17, 19, 21, 23, 25, 27, 29, 31, 33
Veto, 1.00, 1.00, 1.00, 1.00, 1.00, 1.00, 1.00, 1.00, 1.00, 1.00, 1.00, 1.00, 1.00, 1.00, 1.00
accu_train: 1.00 (n=9, n_profile=600, n_distinct=340, t=156341)
nv, 5, 7, 9, 11, 13, 15, 17, 19, 21, 23, 25, 27, 29, 31, 33
Veto, 0.98, 0.97, 0.98, 0.98, 0.97, 0.97, 0.97, 0.97, 0.96, 0.96, 0.96, 0.96, 0.96, 0.96, 0.96
accu_train: 1.00 (n=9, n_profile=700, n_distinct=378, t=213506)
nv, 5, 7, 9, 11, 13, 15, 17, 19, 21, 23, 25, 27, 29, 31, 33
Veto, 1.00, 1.00, 1.00, 1.00, 1.00, 1.00, 1.00, 1.00, 1.00, 1.00, 1.00, 1.00, 1.00, 1.00, 1.00
accu_train: 0.99 (n=9, n_profile=800, n_distinct=411, t=457050)
nv, 5, 7, 9, 11, 13, 15, 17, 19, 21, 23, 25, 27, 29, 31, 33
Veto, 0.98, 0.98, 0.95, 0.94, 0.95, 0.94, 0.94, 0.94, 0.94, 0.93, 0.93, 0.93, 0.93, 0.93, 0.93
accu_train: 1.00 (n=9, n_profile=900, n_distinct=452, t=317945)
nv, 5, 7, 9, 11, 13, 15, 17, 19, 21, 23, 25, 27, 29, 31, 33
Veto, 0.97, 0.93, 0.95, 0.93, 0.93, 0.93, 0.92, 0.93, 0.92, 0.92, 0.92, 0.92, 0.92, 0.92, 0.91
accu_train: 1.00 (n=9, n_profile=1000, n_distinct=478, t=428824)
nv, 5, 7, 9, 11, 13, 15, 17, 19, 21, 23, 25, 27, 29, 31, 33
Veto, 1.00, 0.99, 0.99, 0.99, 0.99, 0.98, 0.99, 0.96, 0.96, 0.96, 0.96, 0.96, 0.96, 0.96, 0.96
accu_train: 0.94 (n=11, n_profile=100, n_distinct=72, t=5910)
nv, 5, 7, 9, 11, 13, 15, 17, 19, 21, 23, 25, 27, 29, 31, 33
Veto, 0.94, 0.92, 0.89, 0.88, 0.88, 0.86, 0.85, 0.85, 0.85, 0.85, 0.84, 0.83, 0.84, 0.84, 0.83
accu_train: 1.00 (n=11, n_profile=200, n_distinct=155, t=14699)
nv, 5, 7, 9, 11, 13, 15, 17, 19, 21, 23, 25, 27, 29, 31, 33
Veto, 1.00, 1.00, 1.00, 1.00, 1.00, 1.00, 1.00, 1.00, 0.99, 0.97, 0.97, 0.96, 0.97, 0.97, 0.96
accu_train: 1.00 (n=11, n_profile=300, n_distinct=224, t=33699)
nv, 5, 7, 9, 11, 13, 15, 17, 19, 21, 23, 25, 27, 29, 31, 33
Veto, 0.98, 0.98, 0.97, 0.97, 0.97, 0.97, 0.96, 0.93, 0.93, 0.93, 0.93, 0.93, 0.93, 0.94, 0.94
accu_train: 0.99 (n=11, n_profile=400, n_distinct=273, t=87279)
nv, 5, 7, 9, 11, 13, 15, 17, 19, 21, 23, 25, 27, 29, 31, 33
Veto, 0.98, 0.96, 0.96, 0.96, 0.95, 0.95, 0.94, 0.94, 0.94, 0.94, 0.94, 0.93, 0.93, 0.93, 0.93
accu_train: 1.00 (n=11, n_profile=500, n_distinct=331, t=103840)
nv, 5, 7, 9, 11, 13, 15, 17, 19, 21, 23, 25, 27, 29, 31, 33
Veto, 1.00, 1.00, 1.00, 1.00, 1.00, 1.00, 1.00, 1.00, 1.00, 0.99, 0.99, 0.98, 0.98, 0.98, 0.96
accu_train: 0.99 (n=11, n_profile=600, n_distinct=377, t=147527)
nv, 5, 7, 9, 11, 13, 15, 17, 19, 21, 23, 25, 27, 29, 31, 33
Veto, 0.99, 0.97, 0.98, 0.96, 0.94, 0.96, 0.95, 0.93, 0.95, 0.94, 0.95, 0.94, 0.93, 0.94, 0.94
accu_train: 1.00 (n=11, n_profile=700, n_distinct=434, t=174218)
nv, 5, 7, 9, 11, 13, 15, 17, 19, 21, 23, 25, 27, 29, 31, 33
Veto, 0.99, 0.98, 0.98, 0.98, 0.97, 0.97, 0.97, 0.97, 0.97, 0.94, 0.94, 0.94, 0.94, 0.94, 0.94
accu_train: 1.00 (n=11, n_profile=800, n_distinct=484, t=251476)
nv, 5, 7, 9, 11, 13, 15, 17, 19, 21, 23, 25, 27, 29, 31, 33
Veto, 1.00, 1.00, 1.00, 1.00, 0.99, 0.99, 0.99, 0.99, 0.99, 0.99, 0.99, 0.98, 0.99, 0.99, 0.98
accu_train: 0.99 (n=11, n_profile=900, n_distinct=530, t=330802)
nv, 5, 7, 9, 11, 13, 15, 17, 19, 21, 23, 25, 27, 29, 31, 33
Veto, 0.97, 0.97, 0.96, 0.96, 0.94, 0.94, 0.95, 0.93, 0.95, 0.93, 0.95, 0.94, 0.94, 0.94, 0.94
accu_train: 1.00 (n=11, n_profile=1000, n_distinct=547, t=351255)
nv, 5, 7, 9, 11, 13, 15, 17, 19, 21, 23, 25, 27, 29, 31, 33
Veto, 1.00, 1.00, 1.00, 0.99, 0.99, 0.99, 0.98, 0.98, 0.98, 0.98, 0.98, 0.98, 0.97, 0.98, 0.97
accu_train: 0.95 (n=13, n_profile=100, n_distinct=71, t=4300)
nv, 5, 7, 9, 11, 13, 15, 17, 19, 21, 23, 25, 27, 29, 31, 33
Veto, 0.91, 0.91, 0.89, 0.87, 0.87, 0.86, 0.85, 0.85, 0.84, 0.84, 0.84, 0.84, 0.83, 0.83, 0.83
accu_train: 0.97 (n=13, n_profile=200, n_distinct=147, t=14738)
nv, 5, 7, 9, 11, 13, 15, 17, 19, 21, 23, 25, 27, 29, 31, 33
Veto, 0.94, 0.86, 0.92, 0.88, 0.89, 0.89, 0.86, 0.89, 0.87, 0.85, 0.87, 0.86, 0.87, 0.86, 0.85
accu_train: 0.98 (n=13, n_profile=300, n_distinct=205, t=34704)
nv, 5, 7, 9, 11, 13, 15, 17, 19, 21, 23, 25, 27, 29, 31, 33
Veto, 0.95, 0.92, 0.92, 0.92, 0.91, 0.91, 0.91, 0.91, 0.91, 0.91, 0.91, 0.91, 0.90, 0.91, 0.90
accu_train: 1.00 (n=13, n_profile=400, n_distinct=268, t=54711)
nv, 5, 7, 9, 11, 13, 15, 17, 19, 21, 23, 25, 27, 29, 31, 33
Veto, 1.00, 1.00, 1.00, 1.00, 1.00, 1.00, 1.00, 1.00, 1.00, 0.99, 0.99, 0.99, 0.99, 0.99, 0.99
accu_train: 1.00 (n=13, n_profile=500, n_distinct=339, t=103784)
nv, 5, 7, 9, 11, 13, 15, 17, 19, 21, 23, 25, 27, 29, 31, 33
Veto, 1.00, 1.00, 0.99, 0.99, 0.99, 0.98, 0.98, 0.98, 0.97, 0.97, 0.97, 0.97, 0.97, 0.97, 0.97
accu_train: 0.98 (n=13, n_profile=600, n_distinct=392, t=141166)
nv, 5, 7, 9, 11, 13, 15, 17, 19, 21, 23, 25, 27, 29, 31, 33
Veto, 0.96, 0.96, 0.95, 0.94, 0.94, 0.93, 0.93, 0.93, 0.92, 0.92, 0.92, 0.92, 0.92, 0.92, 0.91
accu_train: 0.98 (n=13, n_profile=700, n_distinct=452, t=243927)
nv, 5, 7, 9, 11, 13, 15, 17, 19, 21, 23, 25, 27, 29, 31, 33
Veto, 1.00, 0.95, 0.98, 0.96, 0.97, 0.96, 0.95, 0.96, 0.95, 0.94, 0.95, 0.94, 0.94, 0.94, 0.94
accu_train: 1.00 (n=13, n_profile=800, n_distinct=509, t=222549)
nv, 5, 7, 9, 11, 13, 15, 17, 19, 21, 23, 25, 27, 29, 31, 33
Veto, 1.00, 0.98, 0.99, 0.98, 0.99, 0.98, 0.98, 0.98, 0.97, 0.98, 0.96, 0.97, 0.96, 0.96, 0.96
accu_train: 1.00 (n=13, n_profile=900, n_distinct=553, t=307103)
nv, 5, 7, 9, 11, 13, 15, 17, 19, 21, 23, 25, 27, 29, 31, 33
Veto, 1.00, 1.00, 1.00, 1.00, 1.00, 1.00, 0.99, 0.99, 0.99, 0.99, 0.99, 0.96, 0.96, 0.96, 0.96
accu_train: 1.00 (n=13, n_profile=1000, n_distinct=609, t=525738)
nv, 5, 7, 9, 11, 13, 15, 17, 19, 21, 23, 25, 27, 29, 31, 33
Veto, 1.00, 1.00, 0.99, 0.99, 0.99, 0.98, 0.98, 0.98, 0.98, 0.97, 0.97, 0.96, 0.96, 0.96, 0.96
accu_train: 0.91 (n=15, n_profile=100, n_distinct=84, t=5247)
nv, 5, 7, 9, 11, 13, 15, 17, 19, 21, 23, 25, 27, 29, 31, 33
Veto, 0.89, 0.84, 0.84, 0.83, 0.83, 0.82, 0.81, 0.82, 0.81, 0.81, 0.81, 0.81, 0.81, 0.81, 0.80
accu_train: 0.98 (n=15, n_profile=200, n_distinct=158, t=15950)
nv, 5, 7, 9, 11, 13, 15, 17, 19, 21, 23, 25, 27, 29, 31, 33
Veto, 0.94, 0.92, 0.91, 0.91, 0.90, 0.90, 0.89, 0.90, 0.89, 0.88, 0.89, 0.88, 0.88, 0.88, 0.88
accu_train: 0.96 (n=15, n_profile=300, n_distinct=230, t=32936)
nv, 5, 7, 9, 11, 13, 15, 17, 19, 21, 23, 25, 27, 29, 31, 33
Veto, 0.93, 0.94, 0.92, 0.91, 0.91, 0.90, 0.90, 0.90, 0.90, 0.90, 0.90, 0.89, 0.89, 0.89, 0.89
accu_train: 0.98 (n=15, n_profile=400, n_distinct=315, t=100749)
nv, 5, 7, 9, 11, 13, 15, 17, 19, 21, 23, 25, 27, 29, 31, 33
Veto, 0.95, 0.96, 0.94, 0.93, 0.93, 0.92, 0.92, 0.92, 0.91, 0.91, 0.91, 0.90, 0.90, 0.90, 0.90
accu_train: 1.00 (n=15, n_profile=500, n_distinct=381, t=92343)
nv, 5, 7, 9, 11, 13, 15, 17, 19, 21, 23, 25, 27, 29, 31, 33
Veto, 1.00, 1.00, 1.00, 1.00, 1.00, 0.99, 0.98, 0.98, 0.98, 0.98, 0.98, 0.97, 0.97, 0.97, 0.97
accu_train: 0.99 (n=15, n_profile=600, n_distinct=451, t=259907)
nv, 5, 7, 9, 11, 13, 15, 17, 19, 21, 23, 25, 27, 29, 31, 33
Veto, 1.00, 0.98, 0.98, 0.96, 0.96, 0.96, 0.95, 0.95, 0.94, 0.93, 0.93, 0.92, 0.92, 0.92, 0.92
accu_train: 0.97 (n=15, n_profile=700, n_distinct=505, t=389330)
nv, 5, 7, 9, 11, 13, 15, 17, 19, 21, 23, 25, 27, 29, 31, 33
Veto, 0.97, 0.97, 0.96, 0.96, 0.95, 0.95, 0.94, 0.94, 0.94, 0.93, 0.93, 0.93, 0.93, 0.93, 0.92
accu_train: 1.00 (n=15, n_profile=800, n_distinct=583, t=251816)
nv, 5, 7, 9, 11, 13, 15, 17, 19, 21, 23, 25, 27, 29, 31, 33
Veto, 1.00, 1.00, 1.00, 1.00, 1.00, 1.00, 1.00, 0.99, 0.99, 0.99, 0.99, 0.99, 0.99, 0.99, 0.99
accu_train: 1.00 (n=15, n_profile=900, n_distinct=629, t=330648)
nv, 5, 7, 9, 11, 13, 15, 17, 19, 21, 23, 25, 27, 29, 31, 33
Veto, 1.00, 0.99, 0.99, 0.99, 0.98, 0.98, 0.98, 0.98, 0.98, 0.98, 0.98, 0.97, 0.97, 0.97, 0.97
accu_train: 1.00 (n=15, n_profile=1000, n_distinct=682, t=530212)
nv, 5, 7, 9, 11, 13, 15, 17, 19, 21, 23, 25, 27, 29, 31, 33
Veto, 1.00, 0.98, 0.99, 0.97, 0.98, 0.98, 0.97, 0.97, 0.97, 0.96, 0.96, 0.95, 0.95, 0.96, 0.95
