accu_train: 0.97 (n=5, n_profile=100, n_distinct=77, t=4684)
nv, 5, 7, 9, 11, 13, 15, 17, 19, 21, 23, 25, 27, 29, 31, 33
Llull, 0.92, 0.92, 0.92, 0.91, 0.91, 0.91, 0.91, 0.91, 0.91, 0.91, 0.90, 0.90, 0.90, 0.90, 0.90
accu_train: 0.98 (n=5, n_profile=200, n_distinct=111, t=25536)
nv, 5, 7, 9, 11, 13, 15, 17, 19, 21, 23, 25, 27, 29, 31, 33
Llull, 0.95, 0.95, 0.94, 0.94, 0.93, 0.93, 0.93, 0.93, 0.93, 0.93, 0.93, 0.93, 0.93, 0.93, 0.93
accu_train: 0.94 (n=7, n_profile=100, n_distinct=90, t=4378)
nv, 5, 7, 9, 11, 13, 15, 17, 19, 21, 23, 25, 27, 29, 31, 33
Llull, 0.93, 0.91, 0.90, 0.90, 0.90, 0.90, 0.90, 0.90, 0.90, 0.90, 0.90, 0.90, 0.90, 0.90, 0.90
accu_train: 0.96 (n=7, n_profile=200, n_distinct=157, t=19879)
nv, 5, 7, 9, 11, 13, 15, 17, 19, 21, 23, 25, 27, 29, 31, 33
Llull, 0.95, 0.95, 0.96, 0.94, 0.94, 0.94, 0.94, 0.94, 0.94, 0.94, 0.93, 0.94, 0.93, 0.94, 0.94
accu_train: 0.99 (n=7, n_profile=300, n_distinct=213, t=39456)
nv, 5, 7, 9, 11, 13, 15, 17, 19, 21, 23, 25, 27, 29, 31, 33
Llull, 0.99, 0.99, 0.95, 0.95, 0.94, 0.94, 0.95, 0.95, 0.95, 0.95, 0.95, 0.94, 0.94, 0.94, 0.95
accu_train: 0.98 (n=7, n_profile=400, n_distinct=256, t=110903)
nv, 5, 7, 9, 11, 13, 15, 17, 19, 21, 23, 25, 27, 29, 31, 33
Llull, 0.98, 0.98, 0.98, 0.97, 0.97, 0.97, 0.97, 0.97, 0.97, 0.97, 0.97, 0.97, 0.97, 0.97, 0.97
accu_train: 0.97 (n=7, n_profile=500, n_distinct=291, t=206510)
nv, 5, 7, 9, 11, 13, 15, 17, 19, 21, 23, 25, 27, 29, 31, 33
Llull, 0.96, 0.96, 0.96, 0.96, 0.96, 0.96, 0.96, 0.96, 0.96, 0.96, 0.96, 0.96, 0.96, 0.96, 0.96
accu_train: 1.00 (n=7, n_profile=600, n_distinct=303, t=162636)
nv, 5, 7, 9, 11, 13, 15, 17, 19, 21, 23, 25, 27, 29, 31, 33
Llull, 1.00, 1.00, 1.00, 1.00, 1.00, 1.00, 1.00, 1.00, 1.00, 1.00, 1.00, 1.00, 1.00, 1.00, 1.00
accu_train: 1.00 (n=7, n_profile=700, n_distinct=335, t=217999)
nv, 5, 7, 9, 11, 13, 15, 17, 19, 21, 23, 25, 27, 29, 31, 33
Llull, 1.00, 1.00, 0.99, 0.99, 0.99, 0.96, 0.96, 0.96, 0.96, 0.96, 0.96, 0.96, 0.96, 0.96, 0.96
accu_train: 0.94 (n=9, n_profile=100, n_distinct=88, t=2713965)
nv, 5, 7, 9, 11, 13, 15, 17, 19, 21, 23, 25, 27, 29, 31, 33
Llull, 0.88, 0.87, 0.84, 0.83, 0.83, 0.83, 0.84, 0.83, 0.83, 0.83, 0.83, 0.83, 0.83, 0.83, 0.83
accu_train: 0.92 (n=9, n_profile=200, n_distinct=165, t=27761)
nv, 5, 7, 9, 11, 13, 15, 17, 19, 21, 23, 25, 27, 29, 31, 33
Llull, 0.93, 0.92, 0.90, 0.90, 0.89, 0.89, 0.89, 0.89, 0.88, 0.88, 0.88, 0.88, 0.88, 0.88, 0.88
accu_train: 0.95 (n=9, n_profile=300, n_distinct=237, t=67895)
nv, 5, 7, 9, 11, 13, 15, 17, 19, 21, 23, 25, 27, 29, 31, 33
Llull, 0.99, 0.96, 0.95, 0.94, 0.94, 0.94, 0.94, 0.93, 0.93, 0.93, 0.93, 0.93, 0.93, 0.93, 0.93
accu_train: 0.99 (n=9, n_profile=400, n_distinct=312, t=87940)
nv, 5, 7, 9, 11, 13, 15, 17, 19, 21, 23, 25, 27, 29, 31, 33
Llull, 1.00, 0.99, 0.99, 0.99, 0.99, 0.98, 0.98, 0.98, 0.98, 0.97, 0.97, 0.97, 0.97, 0.97, 0.97
accu_train: 1.00 (n=9, n_profile=500, n_distinct=345, t=125031)
nv, 5, 7, 9, 11, 13, 15, 17, 19, 21, 23, 25, 27, 29, 31, 33
Llull, 1.00, 1.00, 0.99, 0.99, 0.99, 0.98, 0.98, 0.98, 0.98, 0.98, 0.98, 0.98, 0.98, 0.98, 0.98
accu_train: 0.98 (n=9, n_profile=600, n_distinct=404, t=224794)
nv, 5, 7, 9, 11, 13, 15, 17, 19, 21, 23, 25, 27, 29, 31, 33
Llull, 0.98, 0.97, 0.97, 0.96, 0.96, 0.96, 0.96, 0.96, 0.96, 0.95, 0.95, 0.95, 0.95, 0.95, 0.95
accu_train: 0.99 (n=9, n_profile=700, n_distinct=466, t=350939)
nv, 5, 7, 9, 11, 13, 15, 17, 19, 21, 23, 25, 27, 29, 31, 33
Llull, 0.99, 0.98, 0.98, 0.98, 0.98, 0.98, 0.98, 0.98, 0.98, 0.98, 0.98, 0.98, 0.98, 0.98, 0.98
accu_train: 0.98 (n=9, n_profile=800, n_distinct=504, t=457922)
nv, 5, 7, 9, 11, 13, 15, 17, 19, 21, 23, 25, 27, 29, 31, 33
Llull, 0.99, 0.98, 0.98, 0.97, 0.95, 0.95, 0.95, 0.95, 0.95, 0.95, 0.96, 0.96, 0.96, 0.96, 0.96
accu_train: 0.99 (n=9, n_profile=900, n_distinct=510, t=506900)
nv, 5, 7, 9, 11, 13, 15, 17, 19, 21, 23, 25, 27, 29, 31, 33
Llull, 0.99, 0.99, 0.98, 0.98, 0.98, 0.97, 0.97, 0.97, 0.97, 0.97, 0.97, 0.97, 0.97, 0.97, 0.97
accu_train: 0.98 (n=9, n_profile=1000, n_distinct=576, t=695110)
nv, 5, 7, 9, 11, 13, 15, 17, 19, 21, 23, 25, 27, 29, 31, 33
Llull, 1.00, 0.98, 0.98, 0.97, 0.97, 0.97, 0.95, 0.95, 0.95, 0.95, 0.95, 0.95, 0.95, 0.95, 0.96
accu_train: 0.91 (n=11, n_profile=100, n_distinct=93, t=7756)
nv, 5, 7, 9, 11, 13, 15, 17, 19, 21, 23, 25, 27, 29, 31, 33
Llull, 0.91, 0.89, 0.87, 0.87, 0.87, 0.87, 0.86, 0.86, 0.86, 0.86, 0.86, 0.86, 0.86, 0.86, 0.86
accu_train: 0.95 (n=11, n_profile=200, n_distinct=178, t=28869)
nv, 5, 7, 9, 11, 13, 15, 17, 19, 21, 23, 25, 27, 29, 31, 33
Llull, 0.95, 0.95, 0.93, 0.93, 0.92, 0.92, 0.92, 0.92, 0.92, 0.92, 0.92, 0.92, 0.91, 0.91, 0.91
accu_train: 0.96 (n=11, n_profile=300, n_distinct=266, t=62300)
nv, 5, 7, 9, 11, 13, 15, 17, 19, 21, 23, 25, 27, 29, 31, 33
Llull, 0.98, 0.96, 0.95, 0.94, 0.93, 0.93, 0.93, 0.93, 0.93, 0.93, 0.93, 0.93, 0.93, 0.93, 0.93
accu_train: 0.94 (n=11, n_profile=400, n_distinct=332, t=115537)
nv, 5, 7, 9, 11, 13, 15, 17, 19, 21, 23, 25, 27, 29, 31, 33
Llull, 0.94, 0.93, 0.92, 0.91, 0.91, 0.91, 0.91, 0.91, 0.91, 0.91, 0.91, 0.91, 0.91, 0.91, 0.91
accu_train: 0.95 (n=11, n_profile=500, n_distinct=409, t=230170)
nv, 5, 7, 9, 11, 13, 15, 17, 19, 21, 23, 25, 27, 29, 31, 33
Llull, 0.95, 0.96, 0.95, 0.95, 0.95, 0.95, 0.95, 0.94, 0.95, 0.94, 0.95, 0.94, 0.94, 0.94, 0.94
accu_train: 0.96 (n=11, n_profile=600, n_distinct=479, t=559450)
nv, 5, 7, 9, 11, 13, 15, 17, 19, 21, 23, 25, 27, 29, 31, 33
Llull, 0.98, 0.97, 0.97, 0.96, 0.95, 0.95, 0.95, 0.95, 0.95, 0.95, 0.95, 0.95, 0.95, 0.95, 0.95
accu_train: 0.97 (n=11, n_profile=700, n_distinct=540, t=322064)
nv, 5, 7, 9, 11, 13, 15, 17, 19, 21, 23, 25, 27, 29, 31, 33
Llull, 0.99, 0.98, 0.97, 0.97, 0.96, 0.96, 0.96, 0.96, 0.96, 0.96, 0.96, 0.96, 0.96, 0.96, 0.96
accu_train: 0.97 (n=11, n_profile=800, n_distinct=595, t=1041689)
nv, 5, 7, 9, 11, 13, 15, 17, 19, 21, 23, 25, 27, 29, 31, 33
Llull, 0.98, 0.96, 0.95, 0.95, 0.95, 0.95, 0.94, 0.94, 0.94, 0.94, 0.94, 0.94, 0.94, 0.94, 0.94
accu_train: 0.98 (n=11, n_profile=900, n_distinct=633, t=516915)
nv, 5, 7, 9, 11, 13, 15, 17, 19, 21, 23, 25, 27, 29, 31, 33
Llull, 0.98, 0.97, 0.97, 0.97, 0.97, 0.97, 0.97, 0.97, 0.97, 0.97, 0.97, 0.97, 0.97, 0.97, 0.97
accu_train: 0.97 (n=11, n_profile=1000, n_distinct=703, t=829191)
nv, 5, 7, 9, 11, 13, 15, 17, 19, 21, 23, 25, 27, 29, 31, 33
Llull, 0.96, 0.95, 0.95, 0.94, 0.94, 0.94, 0.94, 0.94, 0.94, 0.94, 0.94, 0.94, 0.94, 0.94, 0.94
accu_train: 0.90 (n=13, n_profile=100, n_distinct=98, t=5290)
nv, 5, 7, 9, 11, 13, 15, 17, 19, 21, 23, 25, 27, 29, 31, 33
Llull, 0.86, 0.85, 0.83, 0.83, 0.83, 0.83, 0.83, 0.83, 0.83, 0.83, 0.83, 0.83, 0.83, 0.82, 0.83
accu_train: 0.88 (n=13, n_profile=200, n_distinct=192, t=28551)
nv, 5, 7, 9, 11, 13, 15, 17, 19, 21, 23, 25, 27, 29, 31, 33
Llull, 0.86, 0.86, 0.86, 0.86, 0.86, 0.85, 0.86, 0.86, 0.86, 0.86, 0.86, 0.86, 0.86, 0.86, 0.86
accu_train: 0.90 (n=13, n_profile=300, n_distinct=272, t=70172)
nv, 5, 7, 9, 11, 13, 15, 17, 19, 21, 23, 25, 27, 29, 31, 33
Llull, 0.95, 0.93, 0.91, 0.90, 0.90, 0.90, 0.90, 0.90, 0.89, 0.89, 0.89, 0.89, 0.89, 0.89, 0.89
accu_train: 0.94 (n=13, n_profile=400, n_distinct=355, t=152681)
nv, 5, 7, 9, 11, 13, 15, 17, 19, 21, 23, 25, 27, 29, 31, 33
Llull, 0.96, 0.95, 0.94, 0.93, 0.93, 0.92, 0.92, 0.92, 0.92, 0.92, 0.92, 0.92, 0.92, 0.92, 0.92
accu_train: 0.96 (n=13, n_profile=500, n_distinct=431, t=220513)
nv, 5, 7, 9, 11, 13, 15, 17, 19, 21, 23, 25, 27, 29, 31, 33
Llull, 0.95, 0.93, 0.92, 0.92, 0.91, 0.92, 0.91, 0.91, 0.91, 0.91, 0.91, 0.91, 0.91, 0.91, 0.91
accu_train: 0.96 (n=13, n_profile=600, n_distinct=499, t=293929)
nv, 5, 7, 9, 11, 13, 15, 17, 19, 21, 23, 25, 27, 29, 31, 33
Llull, 0.96, 0.95, 0.95, 0.94, 0.94, 0.94, 0.94, 0.94, 0.94, 0.94, 0.94, 0.94, 0.94, 0.93, 0.93
accu_train: 0.97 (n=13, n_profile=700, n_distinct=569, t=327458)
nv, 5, 7, 9, 11, 13, 15, 17, 19, 21, 23, 25, 27, 29, 31, 33
Llull, 0.98, 0.98, 0.97, 0.96, 0.96, 0.96, 0.96, 0.96, 0.96, 0.96, 0.96, 0.96, 0.95, 0.95, 0.95
accu_train: 0.97 (n=13, n_profile=800, n_distinct=636, t=492228)
nv, 5, 7, 9, 11, 13, 15, 17, 19, 21, 23, 25, 27, 29, 31, 33
Llull, 0.98, 0.97, 0.96, 0.96, 0.96, 0.95, 0.95, 0.95, 0.95, 0.95, 0.95, 0.95, 0.95, 0.95, 0.95
accu_train: 0.98 (n=13, n_profile=900, n_distinct=708, t=1394205)
nv, 5, 7, 9, 11, 13, 15, 17, 19, 21, 23, 25, 27, 29, 31, 33
Llull, 0.99, 0.98, 0.97, 0.97, 0.97, 0.97, 0.97, 0.96, 0.96, 0.96, 0.96, 0.96, 0.96, 0.96, 0.96
accu_train: 0.95 (n=13, n_profile=1000, n_distinct=779, t=826369)
nv, 5, 7, 9, 11, 13, 15, 17, 19, 21, 23, 25, 27, 29, 31, 33
Llull, 0.99, 0.98, 0.96, 0.95, 0.94, 0.94, 0.94, 0.94, 0.94, 0.94, 0.94, 0.94, 0.93, 0.93, 0.93
accu_train: 0.91 (n=15, n_profile=100, n_distinct=99, t=5292)
nv, 5, 7, 9, 11, 13, 15, 17, 19, 21, 23, 25, 27, 29, 31, 33
Llull, 0.92, 0.90, 0.90, 0.90, 0.89, 0.89, 0.89, 0.89, 0.89, 0.89, 0.89, 0.89, 0.89, 0.89, 0.89
accu_train: 0.94 (n=15, n_profile=200, n_distinct=186, t=23736)
nv, 5, 7, 9, 11, 13, 15, 17, 19, 21, 23, 25, 27, 29, 31, 33
Llull, 0.89, 0.89, 0.84, 0.84, 0.85, 0.85, 0.85, 0.85, 0.86, 0.84, 0.84, 0.85, 0.85, 0.85, 0.85
accu_train: 0.93 (n=15, n_profile=300, n_distinct=286, t=62855)
nv, 5, 7, 9, 11, 13, 15, 17, 19, 21, 23, 25, 27, 29, 31, 33
Llull, 0.96, 0.95, 0.94, 0.93, 0.93, 0.93, 0.93, 0.93, 0.92, 0.92, 0.92, 0.92, 0.92, 0.92, 0.92
accu_train: 0.95 (n=15, n_profile=400, n_distinct=377, t=120748)
nv, 5, 7, 9, 11, 13, 15, 17, 19, 21, 23, 25, 27, 29, 31, 33
Llull, 0.98, 0.96, 0.95, 0.94, 0.94, 0.94, 0.94, 0.93, 0.93, 0.93, 0.93, 0.93, 0.93, 0.93, 0.93
accu_train: 0.93 (n=15, n_profile=500, n_distinct=444, t=228510)
nv, 5, 7, 9, 11, 13, 15, 17, 19, 21, 23, 25, 27, 29, 31, 33
Llull, 0.96, 0.95, 0.94, 0.93, 0.93, 0.93, 0.93, 0.93, 0.93, 0.92, 0.92, 0.92, 0.92, 0.92, 0.92
accu_train: 0.95 (n=15, n_profile=600, n_distinct=538, t=302046)
nv, 5, 7, 9, 11, 13, 15, 17, 19, 21, 23, 25, 27, 29, 31, 33
Llull, 0.96, 0.96, 0.95, 0.94, 0.94, 0.93, 0.93, 0.93, 0.93, 0.93, 0.93, 0.93, 0.93, 0.93, 0.93
accu_train: 0.94 (n=15, n_profile=700, n_distinct=594, t=388085)
nv, 5, 7, 9, 11, 13, 15, 17, 19, 21, 23, 25, 27, 29, 31, 33
Llull, 0.95, 0.96, 0.95, 0.95, 0.94, 0.94, 0.94, 0.94, 0.94, 0.94, 0.94, 0.93, 0.93, 0.93, 0.93
accu_train: 0.95 (n=15, n_profile=800, n_distinct=684, t=457397)
nv, 5, 7, 9, 11, 13, 15, 17, 19, 21, 23, 25, 27, 29, 31, 33
Llull, 0.93, 0.93, 0.93, 0.93, 0.93, 0.93, 0.92, 0.92, 0.92, 0.92, 0.92, 0.92, 0.92, 0.92, 0.92
accu_train: 0.96 (n=15, n_profile=900, n_distinct=738, t=630973)
nv, 5, 7, 9, 11, 13, 15, 17, 19, 21, 23, 25, 27, 29, 31, 33
Llull, 0.97, 0.96, 0.96, 0.95, 0.95, 0.95, 0.95, 0.95, 0.95, 0.95, 0.95, 0.95, 0.95, 0.95, 0.95
accu_train: 0.93 (n=15, n_profile=1000, n_distinct=825, t=1126581)
nv, 5, 7, 9, 11, 13, 15, 17, 19, 21, 23, 25, 27, 29, 31, 33
Llull, 0.95, 0.93, 0.92, 0.92, 0.92, 0.91, 0.91, 0.91, 0.91, 0.91, 0.91, 0.91, 0.91, 0.91, 0.91
