accu_train: 0.98 (n=5, n_profile=100, n_distinct=70, t=4131)
nv, 5, 7, 9, 11, 13, 15, 17, 19, 21, 23, 25, 27, 29, 31, 33
KemenyYoung, 0.95, 0.94, 0.93, 0.92, 0.92, 0.92, 0.92, 0.91, 0.91, 0.91, 0.91, 0.90, 0.90, 0.90, 0.90
accu_train: 0.98 (n=5, n_profile=200, n_distinct=110, t=22286)
nv, 5, 7, 9, 11, 13, 15, 17, 19, 21, 23, 25, 27, 29, 31, 33
KemenyYoung, 0.98, 0.96, 0.95, 0.94, 0.93, 0.92, 0.92, 0.92, 0.92, 0.92, 0.91, 0.91, 0.91, 0.91, 0.91
accu_train: 0.93 (n=7, n_profile=100, n_distinct=85, t=4816)
nv, 5, 7, 9, 11, 13, 15, 17, 19, 21, 23, 25, 27, 29, 31, 33
KemenyYoung, 0.91, 0.89, 0.88, 0.89, 0.88, 0.88, 0.88, 0.88, 0.88, 0.87, 0.87, 0.87, 0.87, 0.87, 0.87
accu_train: 0.99 (n=7, n_profile=200, n_distinct=142, t=19445)
nv, 5, 7, 9, 11, 13, 15, 17, 19, 21, 23, 25, 27, 29, 31, 33
KemenyYoung, 0.98, 0.98, 0.97, 0.96, 0.96, 0.96, 0.96, 0.95, 0.95, 0.95, 0.95, 0.95, 0.95, 0.95, 0.95
accu_train: 1.00 (n=7, n_profile=300, n_distinct=187, t=42634)
nv, 5, 7, 9, 11, 13, 15, 17, 19, 21, 23, 25, 27, 29, 31, 33
KemenyYoung, 1.00, 0.99, 0.98, 0.98, 0.98, 0.97, 0.97, 0.97, 0.97, 0.97, 0.97, 0.97, 0.96, 0.97, 0.96
accu_train: 0.98 (n=7, n_profile=400, n_distinct=228, t=78955)
nv, 5, 7, 9, 11, 13, 15, 17, 19, 21, 23, 25, 27, 29, 31, 33
KemenyYoung, 0.99, 0.98, 0.95, 0.94, 0.94, 0.94, 0.94, 0.94, 0.94, 0.94, 0.94, 0.93, 0.93, 0.93, 0.93
accu_train: 1.00 (n=7, n_profile=500, n_distinct=285, t=170643)
nv, 5, 7, 9, 11, 13, 15, 17, 19, 21, 23, 25, 27, 29, 31, 33
KemenyYoung, 0.99, 0.98, 0.98, 0.97, 0.97, 0.96, 0.96, 0.96, 0.95, 0.95, 0.95, 0.95, 0.94, 0.94, 0.94
accu_train: 0.97 (n=7, n_profile=600, n_distinct=317, t=1004541)
nv, 5, 7, 9, 11, 13, 15, 17, 19, 21, 23, 25, 27, 29, 31, 33
KemenyYoung, 0.98, 0.97, 0.96, 0.95, 0.95, 0.94, 0.94, 0.94, 0.94, 0.94, 0.94, 0.94, 0.93, 0.93, 0.93
accu_train: 1.00 (n=7, n_profile=700, n_distinct=323, t=213548)
nv, 5, 7, 9, 11, 13, 15, 17, 19, 21, 23, 25, 27, 29, 31, 33
KemenyYoung, 1.00, 0.99, 0.99, 0.99, 0.98, 0.98, 0.98, 0.98, 0.98, 0.98, 0.98, 0.98, 0.97, 0.97, 0.97
accu_train: 0.95 (n=9, n_profile=100, n_distinct=81, t=2712671)
nv, 5, 7, 9, 11, 13, 15, 17, 19, 21, 23, 25, 27, 29, 31, 33
KemenyYoung, 0.93, 0.91, 0.91, 0.90, 0.89, 0.89, 0.89, 0.89, 0.89, 0.89, 0.88, 0.88, 0.88, 0.88, 0.88
accu_train: 0.95 (n=9, n_profile=200, n_distinct=159, t=24384)
nv, 5, 7, 9, 11, 13, 15, 17, 19, 21, 23, 25, 27, 29, 31, 33
KemenyYoung, 0.97, 0.94, 0.92, 0.91, 0.91, 0.91, 0.91, 0.91, 0.90, 0.90, 0.90, 0.90, 0.90, 0.90, 0.90
accu_train: 0.95 (n=9, n_profile=300, n_distinct=225, t=60505)
nv, 5, 7, 9, 11, 13, 15, 17, 19, 21, 23, 25, 27, 29, 31, 33
KemenyYoung, 0.96, 0.95, 0.94, 0.93, 0.94, 0.93, 0.93, 0.93, 0.93, 0.92, 0.92, 0.92, 0.92, 0.92, 0.92
accu_train: 0.98 (n=9, n_profile=400, n_distinct=287, t=89015)
nv, 5, 7, 9, 11, 13, 15, 17, 19, 21, 23, 25, 27, 29, 31, 33
KemenyYoung, 1.00, 0.99, 0.98, 0.97, 0.97, 0.96, 0.96, 0.96, 0.95, 0.95, 0.95, 0.95, 0.95, 0.95, 0.95
accu_train: 0.97 (n=9, n_profile=500, n_distinct=346, t=171506)
nv, 5, 7, 9, 11, 13, 15, 17, 19, 21, 23, 25, 27, 29, 31, 33
KemenyYoung, 0.98, 0.97, 0.96, 0.95, 0.95, 0.95, 0.95, 0.95, 0.94, 0.94, 0.94, 0.94, 0.94, 0.94, 0.94
accu_train: 0.98 (n=9, n_profile=600, n_distinct=406, t=253612)
nv, 5, 7, 9, 11, 13, 15, 17, 19, 21, 23, 25, 27, 29, 31, 33
KemenyYoung, 0.98, 0.96, 0.96, 0.95, 0.94, 0.94, 0.94, 0.94, 0.93, 0.93, 0.93, 0.93, 0.93, 0.93, 0.93
accu_train: 0.97 (n=9, n_profile=700, n_distinct=441, t=684502)
nv, 5, 7, 9, 11, 13, 15, 17, 19, 21, 23, 25, 27, 29, 31, 33
KemenyYoung, 0.99, 0.99, 0.97, 0.96, 0.95, 0.95, 0.95, 0.94, 0.94, 0.94, 0.94, 0.94, 0.94, 0.94, 0.94
accu_train: 0.98 (n=9, n_profile=800, n_distinct=468, t=490696)
nv, 5, 7, 9, 11, 13, 15, 17, 19, 21, 23, 25, 27, 29, 31, 33
KemenyYoung, 0.99, 0.99, 0.98, 0.97, 0.97, 0.96, 0.96, 0.96, 0.95, 0.95, 0.95, 0.95, 0.95, 0.95, 0.95
accu_train: 0.99 (n=9, n_profile=900, n_distinct=528, t=590760)
nv, 5, 7, 9, 11, 13, 15, 17, 19, 21, 23, 25, 27, 29, 31, 33
KemenyYoung, 1.00, 0.99, 0.98, 0.98, 0.97, 0.96, 0.96, 0.96, 0.96, 0.95, 0.95, 0.95, 0.95, 0.95, 0.95
accu_train: 0.99 (n=9, n_profile=1000, n_distinct=556, t=752817)
nv, 5, 7, 9, 11, 13, 15, 17, 19, 21, 23, 25, 27, 29, 31, 33
KemenyYoung, 1.00, 0.99, 0.98, 0.98, 0.97, 0.97, 0.96, 0.96, 0.96, 0.95, 0.95, 0.95, 0.95, 0.95, 0.95
accu_train: 0.89 (n=11, n_profile=100, n_distinct=91, t=9946)
nv, 5, 7, 9, 11, 13, 15, 17, 19, 21, 23, 25, 27, 29, 31, 33
KemenyYoung, 0.94, 0.92, 0.91, 0.89, 0.89, 0.89, 0.88, 0.89, 0.88, 0.88, 0.89, 0.88, 0.88, 0.88, 0.88
accu_train: 0.96 (n=11, n_profile=200, n_distinct=166, t=28650)
nv, 5, 7, 9, 11, 13, 15, 17, 19, 21, 23, 25, 27, 29, 31, 33
KemenyYoung, 0.95, 0.93, 0.93, 0.92, 0.92, 0.91, 0.91, 0.91, 0.91, 0.91, 0.91, 0.90, 0.90, 0.90, 0.90
accu_train: 0.94 (n=11, n_profile=300, n_distinct=248, t=74643)
nv, 5, 7, 9, 11, 13, 15, 17, 19, 21, 23, 25, 27, 29, 31, 33
KemenyYoung, 0.97, 0.94, 0.93, 0.93, 0.92, 0.92, 0.92, 0.92, 0.91, 0.91, 0.91, 0.91, 0.91, 0.91, 0.91
accu_train: 0.98 (n=11, n_profile=400, n_distinct=324, t=131853)
nv, 5, 7, 9, 11, 13, 15, 17, 19, 21, 23, 25, 27, 29, 31, 33
KemenyYoung, 0.99, 0.97, 0.95, 0.96, 0.94, 0.94, 0.94, 0.94, 0.93, 0.93, 0.93, 0.93, 0.93, 0.93, 0.93
accu_train: 0.96 (n=11, n_profile=500, n_distinct=395, t=214626)
nv, 5, 7, 9, 11, 13, 15, 17, 19, 21, 23, 25, 27, 29, 31, 33
KemenyYoung, 0.99, 0.97, 0.96, 0.96, 0.95, 0.95, 0.94, 0.94, 0.94, 0.94, 0.94, 0.94, 0.94, 0.94, 0.94
accu_train: 0.96 (n=11, n_profile=600, n_distinct=419, t=515149)
nv, 5, 7, 9, 11, 13, 15, 17, 19, 21, 23, 25, 27, 29, 31, 33
KemenyYoung, 0.97, 0.96, 0.95, 0.94, 0.94, 0.94, 0.94, 0.93, 0.93, 0.93, 0.93, 0.93, 0.93, 0.93, 0.93
accu_train: 0.96 (n=11, n_profile=700, n_distinct=491, t=347654)
nv, 5, 7, 9, 11, 13, 15, 17, 19, 21, 23, 25, 27, 29, 31, 33
KemenyYoung, 0.98, 0.98, 0.97, 0.96, 0.96, 0.96, 0.95, 0.95, 0.95, 0.95, 0.95, 0.95, 0.95, 0.95, 0.95
accu_train: 0.96 (n=11, n_profile=800, n_distinct=542, t=1054919)
nv, 5, 7, 9, 11, 13, 15, 17, 19, 21, 23, 25, 27, 29, 31, 33
KemenyYoung, 0.97, 0.95, 0.94, 0.94, 0.93, 0.93, 0.93, 0.92, 0.92, 0.92, 0.92, 0.92, 0.92, 0.92, 0.92
accu_train: 0.97 (n=11, n_profile=900, n_distinct=605, t=618223)
nv, 5, 7, 9, 11, 13, 15, 17, 19, 21, 23, 25, 27, 29, 31, 33
KemenyYoung, 0.98, 0.95, 0.95, 0.95, 0.94, 0.94, 0.94, 0.94, 0.94, 0.94, 0.93, 0.93, 0.93, 0.93, 0.93
accu_train: 0.97 (n=11, n_profile=1000, n_distinct=660, t=856694)
nv, 5, 7, 9, 11, 13, 15, 17, 19, 21, 23, 25, 27, 29, 31, 33
KemenyYoung, 0.98, 0.97, 0.96, 0.95, 0.95, 0.94, 0.94, 0.94, 0.94, 0.94, 0.94, 0.94, 0.94, 0.93, 0.93
accu_train: 0.93 (n=13, n_profile=100, n_distinct=91, t=5029)
nv, 5, 7, 9, 11, 13, 15, 17, 19, 21, 23, 25, 27, 29, 31, 33
KemenyYoung, 0.93, 0.93, 0.92, 0.91, 0.91, 0.91, 0.90, 0.90, 0.90, 0.90, 0.90, 0.90, 0.90, 0.90, 0.90
accu_train: 0.94 (n=13, n_profile=200, n_distinct=182, t=22643)
nv, 5, 7, 9, 11, 13, 15, 17, 19, 21, 23, 25, 27, 29, 31, 33
KemenyYoung, 0.94, 0.92, 0.91, 0.90, 0.90, 0.89, 0.89, 0.89, 0.89, 0.89, 0.89, 0.89, 0.89, 0.88, 0.88
accu_train: 0.93 (n=13, n_profile=300, n_distinct=255, t=61188)
nv, 5, 7, 9, 11, 13, 15, 17, 19, 21, 23, 25, 27, 29, 31, 33
KemenyYoung, 0.97, 0.95, 0.93, 0.93, 0.93, 0.92, 0.92, 0.92, 0.92, 0.92, 0.92, 0.91, 0.91, 0.91, 0.91
accu_train: 0.94 (n=13, n_profile=400, n_distinct=326, t=138119)
nv, 5, 7, 9, 11, 13, 15, 17, 19, 21, 23, 25, 27, 29, 31, 33
KemenyYoung, 0.96, 0.94, 0.93, 0.92, 0.91, 0.91, 0.91, 0.91, 0.90, 0.90, 0.90, 0.90, 0.90, 0.90, 0.90
accu_train: 0.95 (n=13, n_profile=500, n_distinct=416, t=214373)
nv, 5, 7, 9, 11, 13, 15, 17, 19, 21, 23, 25, 27, 29, 31, 33
KemenyYoung, 0.97, 0.96, 0.95, 0.94, 0.94, 0.94, 0.94, 0.94, 0.93, 0.93, 0.93, 0.93, 0.93, 0.93, 0.93
accu_train: 0.93 (n=13, n_profile=600, n_distinct=486, t=303713)
nv, 5, 7, 9, 11, 13, 15, 17, 19, 21, 23, 25, 27, 29, 31, 33
KemenyYoung, 0.94, 0.93, 0.93, 0.92, 0.92, 0.92, 0.91, 0.91, 0.91, 0.91, 0.91, 0.91, 0.91, 0.91, 0.90
accu_train: 0.98 (n=13, n_profile=700, n_distinct=554, t=343865)
nv, 5, 7, 9, 11, 13, 15, 17, 19, 21, 23, 25, 27, 29, 31, 33
KemenyYoung, 1.00, 0.98, 0.97, 0.96, 0.96, 0.96, 0.95, 0.95, 0.95, 0.95, 0.95, 0.95, 0.95, 0.95, 0.95
accu_train: 0.94 (n=13, n_profile=800, n_distinct=609, t=651313)
nv, 5, 7, 9, 11, 13, 15, 17, 19, 21, 23, 25, 27, 29, 31, 33
KemenyYoung, 0.95, 0.94, 0.93, 0.91, 0.91, 0.91, 0.91, 0.91, 0.90, 0.90, 0.90, 0.90, 0.90, 0.90, 0.90
accu_train: 0.94 (n=13, n_profile=900, n_distinct=672, t=819693)
nv, 5, 7, 9, 11, 13, 15, 17, 19, 21, 23, 25, 27, 29, 31, 33
KemenyYoung, 0.93, 0.94, 0.93, 0.92, 0.92, 0.92, 0.91, 0.91, 0.91, 0.91, 0.91, 0.91, 0.91, 0.91, 0.91
accu_train: 0.95 (n=13, n_profile=1000, n_distinct=734, t=2044676)
nv, 5, 7, 9, 11, 13, 15, 17, 19, 21, 23, 25, 27, 29, 31, 33
KemenyYoung, 0.96, 0.95, 0.94, 0.94, 0.94, 0.93, 0.93, 0.93, 0.93, 0.93, 0.93, 0.93, 0.93, 0.93, 0.93
accu_train: 0.85 (n=15, n_profile=100, n_distinct=94, t=5791)
nv, 5, 7, 9, 11, 13, 15, 17, 19, 21, 23, 25, 27, 29, 31, 33
KemenyYoung, 0.84, 0.85, 0.85, 0.84, 0.84, 0.84, 0.84, 0.84, 0.84, 0.84, 0.84, 0.84, 0.84, 0.84, 0.83
accu_train: 0.89 (n=15, n_profile=200, n_distinct=183, t=27009)
nv, 5, 7, 9, 11, 13, 15, 17, 19, 21, 23, 25, 27, 29, 31, 33
KemenyYoung, 0.81, 0.82, 0.80, 0.80, 0.81, 0.81, 0.81, 0.81, 0.81, 0.81, 0.81, 0.81, 0.81, 0.81, 0.81
accu_train: 0.95 (n=15, n_profile=300, n_distinct=269, t=54983)
nv, 5, 7, 9, 11, 13, 15, 17, 19, 21, 23, 25, 27, 29, 31, 33
KemenyYoung, 0.90, 0.91, 0.89, 0.88, 0.89, 0.88, 0.88, 0.88, 0.88, 0.88, 0.88, 0.88, 0.88, 0.88, 0.88
accu_train: 0.94 (n=15, n_profile=400, n_distinct=353, t=119179)
nv, 5, 7, 9, 11, 13, 15, 17, 19, 21, 23, 25, 27, 29, 31, 33
KemenyYoung, 0.94, 0.93, 0.92, 0.92, 0.91, 0.91, 0.91, 0.91, 0.91, 0.91, 0.91, 0.90, 0.90, 0.90, 0.90
accu_train: 0.95 (n=15, n_profile=500, n_distinct=424, t=207399)
nv, 5, 7, 9, 11, 13, 15, 17, 19, 21, 23, 25, 27, 29, 31, 33
KemenyYoung, 0.94, 0.91, 0.92, 0.91, 0.90, 0.90, 0.89, 0.90, 0.89, 0.89, 0.89, 0.89, 0.89, 0.89, 0.89
accu_train: 0.93 (n=15, n_profile=600, n_distinct=502, t=477680)
nv, 5, 7, 9, 11, 13, 15, 17, 19, 21, 23, 25, 27, 29, 31, 33
KemenyYoung, 0.95, 0.94, 0.94, 0.93, 0.93, 0.92, 0.92, 0.92, 0.92, 0.92, 0.92, 0.92, 0.91, 0.91, 0.91
accu_train: 0.95 (n=15, n_profile=700, n_distinct=571, t=437073)
nv, 5, 7, 9, 11, 13, 15, 17, 19, 21, 23, 25, 27, 29, 31, 33
KemenyYoung, 0.97, 0.95, 0.94, 0.93, 0.93, 0.93, 0.93, 0.93, 0.92, 0.92, 0.92, 0.92, 0.92, 0.92, 0.92
accu_train: 0.95 (n=15, n_profile=800, n_distinct=643, t=575789)
nv, 5, 7, 9, 11, 13, 15, 17, 19, 21, 23, 25, 27, 29, 31, 33
KemenyYoung, 0.92, 0.92, 0.92, 0.92, 0.92, 0.92, 0.91, 0.91, 0.88, 0.88, 0.89, 0.89, 0.89, 0.89, 0.89
accu_train: 0.96 (n=15, n_profile=900, n_distinct=719, t=830326)
nv, 5, 7, 9, 11, 13, 15, 17, 19, 21, 23, 25, 27, 29, 31, 33
KemenyYoung, 0.95, 0.94, 0.93, 0.92, 0.92, 0.92, 0.92, 0.92, 0.91, 0.91, 0.91, 0.91, 0.91, 0.91, 0.91
accu_train: 0.96 (n=15, n_profile=1000, n_distinct=768, t=820919)
nv, 5, 7, 9, 11, 13, 15, 17, 19, 21, 23, 25, 27, 29, 31, 33
KemenyYoung, 0.93, 0.93, 0.93, 0.92, 0.92, 0.92, 0.92, 0.92, 0.92, 0.92, 0.91, 0.91, 0.91, 0.91, 0.91
