accu_train: 0.95 (n=5, n_profile=100, n_distinct=73, t=4995)
nv, 5, 7, 9, 11, 13, 15, 17, 19, 21, 23, 25, 27, 29, 31, 33
Copeland, 0.92, 0.91, 0.91, 0.90, 0.90, 0.90, 0.89, 0.89, 0.89, 0.89, 0.89, 0.89, 0.89, 0.89, 0.89
accu_train: 1.00 (n=5, n_profile=200, n_distinct=116, t=15571)
nv, 5, 7, 9, 11, 13, 15, 17, 19, 21, 23, 25, 27, 29, 31, 33
Copeland, 1.00, 0.98, 0.98, 0.98, 0.98, 0.98, 0.98, 0.98, 0.98, 0.98, 0.98, 0.98, 0.98, 0.98, 0.98
accu_train: 0.94 (n=7, n_profile=100, n_distinct=82, t=4824)
nv, 5, 7, 9, 11, 13, 15, 17, 19, 21, 23, 25, 27, 29, 31, 33
Copeland, 0.91, 0.90, 0.90, 0.90, 0.90, 0.90, 0.89, 0.89, 0.89, 0.89, 0.89, 0.89, 0.89, 0.89, 0.89
accu_train: 0.96 (n=7, n_profile=200, n_distinct=142, t=18381)
nv, 5, 7, 9, 11, 13, 15, 17, 19, 21, 23, 25, 27, 29, 31, 33
Copeland, 0.96, 0.94, 0.93, 0.93, 0.93, 0.92, 0.92, 0.92, 0.92, 0.92, 0.91, 0.91, 0.91, 0.91, 0.91
accu_train: 0.99 (n=7, n_profile=300, n_distinct=198, t=43552)
nv, 5, 7, 9, 11, 13, 15, 17, 19, 21, 23, 25, 27, 29, 31, 33
Copeland, 1.00, 0.99, 0.99, 0.99, 0.98, 0.98, 0.97, 0.97, 0.97, 0.97, 0.97, 0.97, 0.97, 0.97, 0.97
accu_train: 0.97 (n=7, n_profile=400, n_distinct=242, t=76311)
nv, 5, 7, 9, 11, 13, 15, 17, 19, 21, 23, 25, 27, 29, 31, 33
Copeland, 0.99, 0.97, 0.97, 0.97, 0.97, 0.96, 0.97, 0.96, 0.96, 0.96, 0.96, 0.96, 0.96, 0.96, 0.96
accu_train: 1.00 (n=7, n_profile=500, n_distinct=268, t=107079)
nv, 5, 7, 9, 11, 13, 15, 17, 19, 21, 23, 25, 27, 29, 31, 33
Copeland, 0.99, 0.99, 0.96, 0.96, 0.96, 0.96, 0.96, 0.96, 0.97, 0.96, 0.96, 0.96, 0.96, 0.96, 0.96
accu_train: 0.98 (n=7, n_profile=600, n_distinct=314, t=954603)
nv, 5, 7, 9, 11, 13, 15, 17, 19, 21, 23, 25, 27, 29, 31, 33
Copeland, 0.97, 0.97, 0.96, 0.96, 0.96, 0.96, 0.96, 0.96, 0.96, 0.96, 0.96, 0.96, 0.96, 0.96, 0.96
accu_train: 0.96 (n=7, n_profile=700, n_distinct=329, t=314903)
nv, 5, 7, 9, 11, 13, 15, 17, 19, 21, 23, 25, 27, 29, 31, 33
Copeland, 0.97, 0.96, 0.96, 0.96, 0.96, 0.95, 0.95, 0.95, 0.95, 0.95, 0.95, 0.95, 0.95, 0.95, 0.95
accu_train: 0.93 (n=9, n_profile=100, n_distinct=89, t=6017)
nv, 5, 7, 9, 11, 13, 15, 17, 19, 21, 23, 25, 27, 29, 31, 33
Copeland, 0.95, 0.92, 0.92, 0.91, 0.91, 0.91, 0.91, 0.91, 0.91, 0.91, 0.91, 0.90, 0.90, 0.90, 0.90
accu_train: 0.94 (n=9, n_profile=200, n_distinct=156, t=26146)
nv, 5, 7, 9, 11, 13, 15, 17, 19, 21, 23, 25, 27, 29, 31, 33
Copeland, 0.93, 0.93, 0.93, 0.92, 0.92, 0.92, 0.91, 0.92, 0.91, 0.91, 0.91, 0.91, 0.91, 0.91, 0.91
accu_train: 0.95 (n=9, n_profile=300, n_distinct=224, t=81379)
nv, 5, 7, 9, 11, 13, 15, 17, 19, 21, 23, 25, 27, 29, 31, 33
Copeland, 0.93, 0.92, 0.91, 0.91, 0.90, 0.90, 0.90, 0.90, 0.90, 0.90, 0.90, 0.90, 0.90, 0.90, 0.90
accu_train: 0.98 (n=9, n_profile=400, n_distinct=272, t=96770)
nv, 5, 7, 9, 11, 13, 15, 17, 19, 21, 23, 25, 27, 29, 31, 33
Copeland, 0.98, 0.97, 0.97, 0.97, 0.96, 0.96, 0.96, 0.96, 0.96, 0.96, 0.95, 0.96, 0.96, 0.95, 0.95
accu_train: 0.97 (n=9, n_profile=500, n_distinct=332, t=171835)
nv, 5, 7, 9, 11, 13, 15, 17, 19, 21, 23, 25, 27, 29, 31, 33
Copeland, 0.97, 0.96, 0.96, 0.95, 0.94, 0.94, 0.94, 0.94, 0.94, 0.94, 0.94, 0.94, 0.94, 0.94, 0.94
accu_train: 0.98 (n=9, n_profile=600, n_distinct=371, t=255240)
nv, 5, 7, 9, 11, 13, 15, 17, 19, 21, 23, 25, 27, 29, 31, 33
Copeland, 0.99, 0.97, 0.96, 0.96, 0.96, 0.96, 0.95, 0.95, 0.95, 0.95, 0.95, 0.95, 0.95, 0.95, 0.95
accu_train: 0.99 (n=9, n_profile=700, n_distinct=429, t=322506)
nv, 5, 7, 9, 11, 13, 15, 17, 19, 21, 23, 25, 27, 29, 31, 33
Copeland, 1.00, 0.99, 0.98, 0.98, 0.98, 0.97, 0.97, 0.97, 0.97, 0.97, 0.97, 0.97, 0.97, 0.96, 0.96
accu_train: 1.00 (n=9, n_profile=800, n_distinct=476, t=389301)
nv, 5, 7, 9, 11, 13, 15, 17, 19, 21, 23, 25, 27, 29, 31, 33
Copeland, 1.00, 1.00, 1.00, 1.00, 1.00, 1.00, 1.00, 1.00, 1.00, 1.00, 1.00, 1.00, 1.00, 1.00, 1.00
accu_train: 0.97 (n=9, n_profile=900, n_distinct=501, t=1586170)
nv, 5, 7, 9, 11, 13, 15, 17, 19, 21, 23, 25, 27, 29, 31, 33
Copeland, 0.98, 0.97, 0.96, 0.96, 0.96, 0.96, 0.96, 0.96, 0.96, 0.96, 0.96, 0.96, 0.96, 0.96, 0.96
accu_train: 0.97 (n=9, n_profile=1000, n_distinct=554, t=821590)
nv, 5, 7, 9, 11, 13, 15, 17, 19, 21, 23, 25, 27, 29, 31, 33
Copeland, 1.00, 0.98, 0.97, 0.96, 0.96, 0.96, 0.96, 0.96, 0.96, 0.96, 0.96, 0.96, 0.96, 0.96, 0.96
accu_train: 0.91 (n=11, n_profile=100, n_distinct=85, t=6880)
nv, 5, 7, 9, 11, 13, 15, 17, 19, 21, 23, 25, 27, 29, 31, 33
Copeland, 0.84, 0.88, 0.90, 0.89, 0.83, 0.84, 0.85, 0.82, 0.84, 0.85, 0.86, 0.84, 0.85, 0.86, 0.86
accu_train: 0.96 (n=11, n_profile=200, n_distinct=180, t=26496)
nv, 5, 7, 9, 11, 13, 15, 17, 19, 21, 23, 25, 27, 29, 31, 33
Copeland, 0.96, 0.97, 0.97, 0.95, 0.84, 0.86, 0.87, 0.88, 0.89, 0.89, 0.90, 0.90, 0.91, 0.91, 0.91
accu_train: 0.94 (n=11, n_profile=300, n_distinct=237, t=67870)
nv, 5, 7, 9, 11, 13, 15, 17, 19, 21, 23, 25, 27, 29, 31, 33
Copeland, 0.98, 0.95, 0.95, 0.94, 0.88, 0.88, 0.89, 0.89, 0.90, 0.90, 0.90, 0.90, 0.90, 0.91, 0.90
accu_train: 0.98 (n=11, n_profile=400, n_distinct=301, t=107522)
nv, 5, 7, 9, 11, 13, 15, 17, 19, 21, 23, 25, 27, 29, 31, 33
Copeland, 0.96, 0.96, 0.94, 0.93, 0.93, 0.93, 0.93, 0.93, 0.93, 0.93, 0.92, 0.93, 0.93, 0.93, 0.92
accu_train: 0.98 (n=11, n_profile=500, n_distinct=381, t=174408)
nv, 5, 7, 9, 11, 13, 15, 17, 19, 21, 23, 25, 27, 29, 31, 33
Copeland, 0.98, 0.97, 0.96, 0.96, 0.95, 0.95, 0.95, 0.95, 0.94, 0.94, 0.94, 0.94, 0.94, 0.94, 0.94
accu_train: 0.97 (n=11, n_profile=600, n_distinct=435, t=304788)
nv, 5, 7, 9, 11, 13, 15, 17, 19, 21, 23, 25, 27, 29, 31, 33
Copeland, 0.99, 0.98, 0.96, 0.96, 0.96, 0.96, 0.95, 0.96, 0.96, 0.96, 0.95, 0.95, 0.95, 0.95, 0.95
accu_train: 0.98 (n=11, n_profile=700, n_distinct=500, t=289745)
nv, 5, 7, 9, 11, 13, 15, 17, 19, 21, 23, 25, 27, 29, 31, 33
Copeland, 0.99, 0.98, 0.98, 0.97, 0.97, 0.97, 0.97, 0.97, 0.97, 0.97, 0.97, 0.97, 0.97, 0.97, 0.97
accu_train: 0.95 (n=11, n_profile=800, n_distinct=534, t=530290)
nv, 5, 7, 9, 11, 13, 15, 17, 19, 21, 23, 25, 27, 29, 31, 33
Copeland, 0.98, 0.96, 0.96, 0.95, 0.95, 0.95, 0.95, 0.95, 0.95, 0.94, 0.94, 0.94, 0.94, 0.94, 0.94
accu_train: 0.98 (n=11, n_profile=900, n_distinct=592, t=451654)
nv, 5, 7, 9, 11, 13, 15, 17, 19, 21, 23, 25, 27, 29, 31, 33
Copeland, 0.99, 0.98, 0.97, 0.97, 0.97, 0.97, 0.97, 0.97, 0.97, 0.97, 0.97, 0.96, 0.95, 0.95, 0.95
accu_train: 0.97 (n=11, n_profile=1000, n_distinct=664, t=1007900)
nv, 5, 7, 9, 11, 13, 15, 17, 19, 21, 23, 25, 27, 29, 31, 33
Copeland, 0.97, 0.97, 0.96, 0.96, 0.96, 0.96, 0.95, 0.95, 0.95, 0.95, 0.95, 0.95, 0.95, 0.95, 0.95
accu_train: 0.96 (n=13, n_profile=100, n_distinct=91, t=5109)
nv, 5, 7, 9, 11, 13, 15, 17, 19, 21, 23, 25, 27, 29, 31, 33
Copeland, 0.97, 0.95, 0.93, 0.93, 0.92, 0.92, 0.92, 0.92, 0.92, 0.92, 0.92, 0.92, 0.92, 0.92, 0.92
accu_train: 0.96 (n=13, n_profile=200, n_distinct=172, t=23292)
nv, 5, 7, 9, 11, 13, 15, 17, 19, 21, 23, 25, 27, 29, 31, 33
Copeland, 0.95, 0.92, 0.92, 0.91, 0.91, 0.91, 0.91, 0.91, 0.91, 0.91, 0.91, 0.91, 0.91, 0.91, 0.91
accu_train: 0.94 (n=13, n_profile=300, n_distinct=251, t=64515)
nv, 5, 7, 9, 11, 13, 15, 17, 19, 21, 23, 25, 27, 29, 31, 33
Copeland, 0.96, 0.94, 0.93, 0.93, 0.92, 0.92, 0.92, 0.92, 0.92, 0.92, 0.92, 0.92, 0.92, 0.92, 0.92
accu_train: 0.92 (n=13, n_profile=400, n_distinct=341, t=134496)
nv, 5, 7, 9, 11, 13, 15, 17, 19, 21, 23, 25, 27, 29, 31, 33
Copeland, 0.94, 0.92, 0.93, 0.92, 0.92, 0.92, 0.92, 0.92, 0.92, 0.92, 0.92, 0.91, 0.92, 0.92, 0.92
accu_train: 0.95 (n=13, n_profile=500, n_distinct=409, t=278570)
nv, 5, 7, 9, 11, 13, 15, 17, 19, 21, 23, 25, 27, 29, 31, 33
Copeland, 0.97, 0.96, 0.96, 0.95, 0.95, 0.94, 0.94, 0.94, 0.94, 0.94, 0.94, 0.93, 0.94, 0.93, 0.93
accu_train: 0.96 (n=13, n_profile=600, n_distinct=477, t=402342)
nv, 5, 7, 9, 11, 13, 15, 17, 19, 21, 23, 25, 27, 29, 31, 33
Copeland, 0.97, 0.96, 0.96, 0.95, 0.95, 0.95, 0.94, 0.94, 0.94, 0.94, 0.94, 0.94, 0.94, 0.94, 0.94
accu_train: 0.91 (n=13, n_profile=700, n_distinct=544, t=522653)
nv, 5, 7, 9, 11, 13, 15, 17, 19, 21, 23, 25, 27, 29, 31, 33
Copeland, 0.96, 0.93, 0.93, 0.92, 0.92, 0.91, 0.91, 0.91, 0.91, 0.91, 0.91, 0.91, 0.91, 0.91, 0.91
accu_train: 0.96 (n=13, n_profile=800, n_distinct=602, t=529595)
nv, 5, 7, 9, 11, 13, 15, 17, 19, 21, 23, 25, 27, 29, 31, 33
Copeland, 0.98, 0.96, 0.95, 0.95, 0.94, 0.94, 0.94, 0.94, 0.94, 0.93, 0.93, 0.93, 0.93, 0.93, 0.93
accu_train: 0.97 (n=13, n_profile=900, n_distinct=680, t=1568269)
nv, 5, 7, 9, 11, 13, 15, 17, 19, 21, 23, 25, 27, 29, 31, 33
Copeland, 0.96, 0.96, 0.95, 0.94, 0.94, 0.94, 0.94, 0.94, 0.94, 0.94, 0.94, 0.94, 0.94, 0.94, 0.93
accu_train: 0.98 (n=13, n_profile=1000, n_distinct=683, t=757515)
nv, 5, 7, 9, 11, 13, 15, 17, 19, 21, 23, 25, 27, 29, 31, 33
Copeland, 0.97, 0.95, 0.95, 0.95, 0.95, 0.95, 0.95, 0.95, 0.95, 0.95, 0.95, 0.94, 0.95, 0.94, 0.94
accu_train: 0.90 (n=15, n_profile=100, n_distinct=91, t=5924)
nv, 5, 7, 9, 11, 13, 15, 17, 19, 21, 23, 25, 27, 29, 31, 33
Copeland, 0.87, 0.86, 0.85, 0.85, 0.85, 0.85, 0.84, 0.84, 0.84, 0.84, 0.84, 0.84, 0.84, 0.84, 0.84
accu_train: 0.91 (n=15, n_profile=200, n_distinct=174, t=25837)
nv, 5, 7, 9, 11, 13, 15, 17, 19, 21, 23, 25, 27, 29, 31, 33
Copeland, 0.93, 0.92, 0.91, 0.91, 0.91, 0.90, 0.90, 0.90, 0.90, 0.90, 0.90, 0.90, 0.90, 0.90, 0.90
accu_train: 0.95 (n=15, n_profile=300, n_distinct=261, t=67650)
nv, 5, 7, 9, 11, 13, 15, 17, 19, 21, 23, 25, 27, 29, 31, 33
Copeland, 0.97, 0.95, 0.94, 0.94, 0.93, 0.93, 0.93, 0.93, 0.93, 0.93, 0.93, 0.93, 0.93, 0.93, 0.93
accu_train: 0.95 (n=15, n_profile=400, n_distinct=329, t=114317)
nv, 5, 7, 9, 11, 13, 15, 17, 19, 21, 23, 25, 27, 29, 31, 33
Copeland, 0.97, 0.96, 0.94, 0.94, 0.94, 0.93, 0.93, 0.93, 0.93, 0.93, 0.93, 0.93, 0.93, 0.93, 0.93
accu_train: 0.94 (n=15, n_profile=500, n_distinct=413, t=273193)
nv, 5, 7, 9, 11, 13, 15, 17, 19, 21, 23, 25, 27, 29, 31, 33
Copeland, 0.96, 0.95, 0.94, 0.94, 0.94, 0.93, 0.93, 0.93, 0.93, 0.93, 0.93, 0.93, 0.93, 0.93, 0.93
accu_train: 0.96 (n=15, n_profile=600, n_distinct=495, t=280556)
nv, 5, 7, 9, 11, 13, 15, 17, 19, 21, 23, 25, 27, 29, 31, 33
Copeland, 0.97, 0.96, 0.96, 0.95, 0.95, 0.94, 0.94, 0.94, 0.93, 0.93, 0.93, 0.93, 0.93, 0.93, 0.93
accu_train: 0.97 (n=15, n_profile=700, n_distinct=558, t=411396)
nv, 5, 7, 9, 11, 13, 15, 17, 19, 21, 23, 25, 27, 29, 31, 33
Copeland, 0.98, 0.96, 0.95, 0.95, 0.95, 0.94, 0.94, 0.94, 0.94, 0.94, 0.94, 0.94, 0.94, 0.94, 0.94
accu_train: 0.95 (n=15, n_profile=800, n_distinct=634, t=580013)
nv, 5, 7, 9, 11, 13, 15, 17, 19, 21, 23, 25, 27, 29, 31, 33
Copeland, 0.95, 0.94, 0.94, 0.94, 0.94, 0.93, 0.93, 0.93, 0.93, 0.93, 0.93, 0.93, 0.93, 0.93, 0.93
accu_train: 0.93 (n=15, n_profile=900, n_distinct=700, t=768393)
nv, 5, 7, 9, 11, 13, 15, 17, 19, 21, 23, 25, 27, 29, 31, 33
Copeland, 0.94, 0.94, 0.94, 0.94, 0.93, 0.93, 0.93, 0.93, 0.93, 0.93, 0.93, 0.93, 0.93, 0.93, 0.93
accu_train: 0.95 (n=15, n_profile=1000, n_distinct=790, t=882502)
nv, 5, 7, 9, 11, 13, 15, 17, 19, 21, 23, 25, 27, 29, 31, 33
Copeland, 0.94, 0.94, 0.93, 0.94, 0.93, 0.93, 0.93, 0.93, 0.94, 0.93, 0.93, 0.93, 0.93, 0.93, 0.93
