accu_train: 1.00 (n=5, n_profile=100, n_distinct=47, t=2681)
nv, 5, 7, 9, 11, 13, 15, 17, 19, 21, 23, 25, 27, 29, 31, 33
Plurality, 0.98, 0.98, 0.97, 0.97, 0.94, 0.93, 0.94, 0.93, 0.93, 0.93, 0.92, 0.92, 0.92, 0.91, 0.91
accu_train: 1.00 (n=5, n_profile=200, n_distinct=83, t=13643)
nv, 5, 7, 9, 11, 13, 15, 17, 19, 21, 23, 25, 27, 29, 31, 33
Plurality, 0.99, 0.99, 0.99, 0.99, 0.96, 0.97, 0.97, 0.96, 0.95, 0.96, 0.95, 0.95, 0.95, 0.95, 0.95
accu_train: 0.95 (n=7, n_profile=100, n_distinct=70, t=4359)
nv, 5, 7, 9, 11, 13, 15, 17, 19, 21, 23, 25, 27, 29, 31, 33
Plurality, 0.93, 0.92, 0.91, 0.91, 0.90, 0.90, 0.90, 0.89, 0.89, 0.89, 0.89, 0.89, 0.89, 0.88, 0.88
accu_train: 1.00 (n=7, n_profile=200, n_distinct=124, t=13227)
nv, 5, 7, 9, 11, 13, 15, 17, 19, 21, 23, 25, 27, 29, 31, 33
Plurality, 1.00, 1.00, 0.99, 0.99, 0.99, 0.98, 0.99, 0.98, 0.98, 0.98, 0.98, 0.98, 0.98, 0.98, 0.98
accu_train: 0.98 (n=7, n_profile=300, n_distinct=165, t=32451)
nv, 5, 7, 9, 11, 13, 15, 17, 19, 21, 23, 25, 27, 29, 31, 33
Plurality, 1.00, 0.98, 0.98, 0.98, 0.98, 0.98, 0.97, 0.98, 0.97, 0.97, 0.97, 0.97, 0.97, 0.97, 0.97
accu_train: 1.00 (n=7, n_profile=400, n_distinct=203, t=61884)
nv, 5, 7, 9, 11, 13, 15, 17, 19, 21, 23, 25, 27, 29, 31, 33
Plurality, 0.97, 0.98, 0.99, 0.93, 0.98, 0.98, 0.98, 0.96, 0.96, 0.97, 0.95, 0.96, 0.96, 0.97, 0.95
accu_train: 1.00 (n=7, n_profile=500, n_distinct=253, t=193234)
nv, 5, 7, 9, 11, 13, 15, 17, 19, 21, 23, 25, 27, 29, 31, 33
Plurality, 1.00, 1.00, 1.00, 0.95, 1.00, 1.00, 0.98, 0.97, 0.97, 0.98, 0.96, 0.97, 0.97, 0.97, 0.96
accu_train: 0.98 (n=7, n_profile=600, n_distinct=273, t=173580)
nv, 5, 7, 9, 11, 13, 15, 17, 19, 21, 23, 25, 27, 29, 31, 33
Plurality, 0.94, 0.97, 0.98, 0.93, 0.95, 0.97, 0.97, 0.94, 0.95, 0.96, 0.93, 0.94, 0.95, 0.96, 0.94
accu_train: 0.99 (n=7, n_profile=700, n_distinct=298, t=188524)
nv, 5, 7, 9, 11, 13, 15, 17, 19, 21, 23, 25, 27, 29, 31, 33
Plurality, 0.94, 0.97, 0.98, 0.91, 0.96, 0.97, 0.97, 0.94, 0.95, 0.96, 0.93, 0.94, 0.95, 0.96, 0.94
accu_train: 1.00 (n=9, n_profile=100, n_distinct=78, t=3128)
nv, 5, 7, 9, 11, 13, 15, 17, 19, 21, 23, 25, 27, 29, 31, 33
Plurality, 1.00, 0.99, 0.98, 0.98, 0.97, 0.97, 0.97, 0.96, 0.96, 0.96, 0.96, 0.96, 0.96, 0.95, 0.95
accu_train: 0.99 (n=9, n_profile=200, n_distinct=143, t=17296)
nv, 5, 7, 9, 11, 13, 15, 17, 19, 21, 23, 25, 27, 29, 31, 33
Plurality, 1.00, 0.99, 0.99, 0.98, 0.98, 0.98, 0.98, 0.97, 0.97, 0.97, 0.97, 0.96, 0.96, 0.96, 0.96
accu_train: 0.97 (n=9, n_profile=300, n_distinct=195, t=40508)
nv, 5, 7, 9, 11, 13, 15, 17, 19, 21, 23, 25, 27, 29, 31, 33
Plurality, 0.95, 0.96, 0.97, 0.96, 0.95, 0.95, 0.95, 0.94, 0.94, 0.94, 0.94, 0.94, 0.94, 0.94, 0.94
accu_train: 1.00 (n=9, n_profile=400, n_distinct=253, t=58588)
nv, 5, 7, 9, 11, 13, 15, 17, 19, 21, 23, 25, 27, 29, 31, 33
Plurality, 1.00, 1.00, 0.99, 0.99, 0.99, 0.99, 0.99, 0.99, 0.98, 0.98, 0.98, 0.98, 0.98, 0.98, 0.98
accu_train: 0.99 (n=9, n_profile=500, n_distinct=302, t=107429)
nv, 5, 7, 9, 11, 13, 15, 17, 19, 21, 23, 25, 27, 29, 31, 33
Plurality, 1.00, 1.00, 0.98, 0.97, 0.96, 0.96, 0.96, 0.95, 0.95, 0.95, 0.95, 0.95, 0.95, 0.94, 0.94
accu_train: 1.00 (n=9, n_profile=600, n_distinct=341, t=139338)
nv, 5, 7, 9, 11, 13, 15, 17, 19, 21, 23, 25, 27, 29, 31, 33
Plurality, 1.00, 1.00, 1.00, 1.00, 1.00, 1.00, 1.00, 1.00, 1.00, 1.00, 1.00, 1.00, 1.00, 1.00, 1.00
accu_train: 1.00 (n=9, n_profile=700, n_distinct=399, t=253943)
nv, 5, 7, 9, 11, 13, 15, 17, 19, 21, 23, 25, 27, 29, 31, 33
Plurality, 1.00, 1.00, 1.00, 1.00, 0.98, 1.00, 0.99, 0.99, 0.99, 0.99, 0.99, 0.98, 1.00, 0.98, 0.99
accu_train: 1.00 (n=9, n_profile=800, n_distinct=433, t=307820)
nv, 5, 7, 9, 11, 13, 15, 17, 19, 21, 23, 25, 27, 29, 31, 33
Plurality, 1.00, 1.00, 1.00, 1.00, 1.00, 1.00, 1.00, 1.00, 1.00, 1.00, 1.00, 1.00, 1.00, 1.00, 1.00
accu_train: 1.00 (n=9, n_profile=900, n_distinct=474, t=456293)
nv, 5, 7, 9, 11, 13, 15, 17, 19, 21, 23, 25, 27, 29, 31, 33
Plurality, 0.92, 0.96, 0.97, 0.98, 0.97, 0.95, 0.96, 0.96, 0.96, 0.95, 0.95, 0.95, 0.96, 0.95, 0.95
accu_train: 1.00 (n=9, n_profile=1000, n_distinct=504, t=413535)
nv, 5, 7, 9, 11, 13, 15, 17, 19, 21, 23, 25, 27, 29, 31, 33
Plurality, 1.00, 1.00, 1.00, 1.00, 1.00, 0.99, 1.00, 1.00, 1.00, 0.99, 1.00, 1.00, 1.00, 0.99, 0.99
accu_train: 0.99 (n=11, n_profile=100, n_distinct=72, t=3798)
nv, 5, 7, 9, 11, 13, 15, 17, 19, 21, 23, 25, 27, 29, 31, 33
Plurality, 0.88, 0.94, 0.97, 0.96, 0.92, 0.94, 0.95, 0.90, 0.92, 0.94, 0.94, 0.91, 0.93, 0.93, 0.93
accu_train: 1.00 (n=11, n_profile=200, n_distinct=145, t=17872)
nv, 5, 7, 9, 11, 13, 15, 17, 19, 21, 23, 25, 27, 29, 31, 33
Plurality, 1.00, 1.00, 0.99, 0.99, 0.99, 0.98, 0.98, 0.97, 0.97, 0.97, 0.97, 0.97, 0.97, 0.96, 0.96
accu_train: 1.00 (n=11, n_profile=300, n_distinct=199, t=35253)
nv, 5, 7, 9, 11, 13, 15, 17, 19, 21, 23, 25, 27, 29, 31, 33
Plurality, 1.00, 1.00, 0.99, 0.99, 0.98, 0.99, 0.98, 0.98, 0.98, 0.98, 0.97, 0.97, 0.97, 0.97, 0.97
accu_train: 0.99 (n=11, n_profile=400, n_distinct=273, t=78473)
nv, 5, 7, 9, 11, 13, 15, 17, 19, 21, 23, 25, 27, 29, 31, 33
Plurality, 0.99, 0.99, 0.99, 0.98, 0.98, 0.98, 0.98, 0.98, 0.97, 0.98, 0.97, 0.97, 0.97, 0.97, 0.97
accu_train: 1.00 (n=11, n_profile=500, n_distinct=323, t=128404)
nv, 5, 7, 9, 11, 13, 15, 17, 19, 21, 23, 25, 27, 29, 31, 33
Plurality, 1.00, 1.00, 0.99, 0.99, 0.99, 0.99, 0.99, 0.99, 0.99, 0.97, 0.97, 0.97, 0.97, 0.97, 0.97
accu_train: 1.00 (n=11, n_profile=600, n_distinct=361, t=148295)
nv, 5, 7, 9, 11, 13, 15, 17, 19, 21, 23, 25, 27, 29, 31, 33
Plurality, 1.00, 1.00, 1.00, 1.00, 0.99, 1.00, 0.99, 0.99, 0.99, 0.97, 0.96, 0.97, 0.97, 0.97, 0.97
accu_train: 1.00 (n=11, n_profile=700, n_distinct=407, t=221973)
nv, 5, 7, 9, 11, 13, 15, 17, 19, 21, 23, 25, 27, 29, 31, 33
Plurality, 1.00, 1.00, 1.00, 1.00, 1.00, 1.00, 1.00, 1.00, 1.00, 0.98, 0.98, 0.98, 0.98, 0.98, 0.98
accu_train: 1.00 (n=11, n_profile=800, n_distinct=475, t=224015)
nv, 5, 7, 9, 11, 13, 15, 17, 19, 21, 23, 25, 27, 29, 31, 33
Plurality, 1.00, 1.00, 0.98, 0.99, 0.99, 0.99, 0.99, 0.99, 0.99, 0.99, 0.98, 0.98, 0.98, 0.98, 0.98
accu_train: 1.00 (n=11, n_profile=900, n_distinct=520, t=267673)
nv, 5, 7, 9, 11, 13, 15, 17, 19, 21, 23, 25, 27, 29, 31, 33
Plurality, 1.00, 1.00, 1.00, 1.00, 1.00, 1.00, 1.00, 1.00, 1.00, 1.00, 1.00, 1.00, 1.00, 1.00, 1.00
accu_train: 1.00 (n=11, n_profile=1000, n_distinct=581, t=485003)
nv, 5, 7, 9, 11, 13, 15, 17, 19, 21, 23, 25, 27, 29, 31, 33
Plurality, 1.00, 0.94, 0.97, 0.98, 0.97, 0.96, 0.95, 0.96, 0.96, 0.96, 0.95, 0.95, 0.95, 0.95, 0.95
accu_train: 0.95 (n=13, n_profile=100, n_distinct=85, t=4860)
nv, 5, 7, 9, 11, 13, 15, 17, 19, 21, 23, 25, 27, 29, 31, 33
Plurality, 0.98, 0.96, 0.96, 0.95, 0.94, 0.94, 0.94, 0.93, 0.93, 0.93, 0.93, 0.93, 0.93, 0.92, 0.92
accu_train: 0.96 (n=13, n_profile=200, n_distinct=152, t=21381)
nv, 5, 7, 9, 11, 13, 15, 17, 19, 21, 23, 25, 27, 29, 31, 33
Plurality, 0.99, 0.98, 0.98, 0.98, 0.96, 0.96, 0.96, 0.96, 0.95, 0.96, 0.95, 0.95, 0.95, 0.95, 0.95
accu_train: 0.96 (n=13, n_profile=300, n_distinct=226, t=54971)
nv, 5, 7, 9, 11, 13, 15, 17, 19, 21, 23, 25, 27, 29, 31, 33
Plurality, 0.97, 0.96, 0.96, 0.95, 0.94, 0.94, 0.94, 0.93, 0.93, 0.93, 0.93, 0.92, 0.93, 0.92, 0.92
accu_train: 1.00 (n=13, n_profile=400, n_distinct=309, t=65817)
nv, 5, 7, 9, 11, 13, 15, 17, 19, 21, 23, 25, 27, 29, 31, 33
Plurality, 0.97, 0.98, 0.98, 0.96, 0.97, 0.97, 0.95, 0.96, 0.97, 0.97, 0.96, 0.96, 0.97, 0.95, 0.96
accu_train: 1.00 (n=13, n_profile=500, n_distinct=374, t=85398)
nv, 5, 7, 9, 11, 13, 15, 17, 19, 21, 23, 25, 27, 29, 31, 33
Plurality, 1.00, 1.00, 1.00, 1.00, 1.00, 1.00, 1.00, 1.00, 1.00, 1.00, 1.00, 0.99, 1.00, 1.00, 0.99
accu_train: 0.98 (n=13, n_profile=600, n_distinct=429, t=279386)
nv, 5, 7, 9, 11, 13, 15, 17, 19, 21, 23, 25, 27, 29, 31, 33
Plurality, 0.99, 0.99, 0.99, 0.98, 0.97, 0.98, 0.98, 0.97, 0.97, 0.97, 0.97, 0.97, 0.97, 0.96, 0.96
accu_train: 1.00 (n=13, n_profile=700, n_distinct=506, t=174988)
nv, 5, 7, 9, 11, 13, 15, 17, 19, 21, 23, 25, 27, 29, 31, 33
Plurality, 1.00, 1.00, 1.00, 1.00, 1.00, 1.00, 0.99, 1.00, 0.99, 0.99, 0.99, 0.98, 0.98, 0.98, 0.98
accu_train: 1.00 (n=13, n_profile=800, n_distinct=547, t=313380)
nv, 5, 7, 9, 11, 13, 15, 17, 19, 21, 23, 25, 27, 29, 31, 33
Plurality, 0.97, 0.98, 0.98, 0.96, 0.97, 0.98, 0.96, 0.96, 0.97, 0.95, 0.96, 0.97, 0.97, 0.96, 0.96
accu_train: 0.98 (n=13, n_profile=900, n_distinct=608, t=441092)
nv, 5, 7, 9, 11, 13, 15, 17, 19, 21, 23, 25, 27, 29, 31, 33
Plurality, 0.96, 0.97, 0.98, 0.94, 0.96, 0.96, 0.94, 0.95, 0.95, 0.93, 0.94, 0.95, 0.95, 0.94, 0.94
accu_train: 0.99 (n=13, n_profile=1000, n_distinct=652, t=557047)
nv, 5, 7, 9, 11, 13, 15, 17, 19, 21, 23, 25, 27, 29, 31, 33
Plurality, 0.97, 0.98, 0.99, 0.96, 0.97, 0.97, 0.95, 0.96, 0.97, 0.95, 0.96, 0.96, 0.97, 0.95, 0.96
accu_train: 0.91 (n=15, n_profile=100, n_distinct=81, t=5978)
nv, 5, 7, 9, 11, 13, 15, 17, 19, 21, 23, 25, 27, 29, 31, 33
Plurality, 0.95, 0.93, 0.92, 0.92, 0.91, 0.91, 0.91, 0.90, 0.90, 0.90, 0.90, 0.89, 0.89, 0.89, 0.89
accu_train: 0.95 (n=15, n_profile=200, n_distinct=159, t=18016)
nv, 5, 7, 9, 11, 13, 15, 17, 19, 21, 23, 25, 27, 29, 31, 33
Plurality, 0.91, 0.94, 0.94, 0.92, 0.92, 0.92, 0.92, 0.91, 0.91, 0.91, 0.91, 0.91, 0.91, 0.90, 0.90
accu_train: 0.96 (n=15, n_profile=300, n_distinct=237, t=47711)
nv, 5, 7, 9, 11, 13, 15, 17, 19, 21, 23, 25, 27, 29, 31, 33
Plurality, 0.89, 0.95, 0.92, 0.89, 0.92, 0.91, 0.89, 0.91, 0.91, 0.88, 0.90, 0.90, 0.88, 0.90, 0.90
accu_train: 1.00 (n=15, n_profile=400, n_distinct=307, t=66848)
nv, 5, 7, 9, 11, 13, 15, 17, 19, 21, 23, 25, 27, 29, 31, 33
Plurality, 1.00, 0.99, 0.99, 0.99, 0.99, 0.98, 0.98, 0.98, 0.98, 0.98, 0.97, 0.97, 0.97, 0.97, 0.97
accu_train: 1.00 (n=15, n_profile=500, n_distinct=389, t=98628)
nv, 5, 7, 9, 11, 13, 15, 17, 19, 21, 23, 25, 27, 29, 31, 33
Plurality, 1.00, 1.00, 1.00, 1.00, 1.00, 1.00, 1.00, 1.00, 1.00, 1.00, 1.00, 1.00, 1.00, 0.98, 0.98
accu_train: 0.98 (n=15, n_profile=600, n_distinct=461, t=210228)
nv, 5, 7, 9, 11, 13, 15, 17, 19, 21, 23, 25, 27, 29, 31, 33
Plurality, 1.00, 0.99, 0.99, 0.98, 0.98, 0.98, 0.97, 0.97, 0.97, 0.97, 0.96, 0.96, 0.96, 0.96, 0.96
accu_train: 1.00 (n=15, n_profile=700, n_distinct=517, t=182945)
nv, 5, 7, 9, 11, 13, 15, 17, 19, 21, 23, 25, 27, 29, 31, 33
Plurality, 1.00, 1.00, 1.00, 1.00, 1.00, 1.00, 1.00, 1.00, 1.00, 0.99, 0.99, 0.99, 0.99, 0.98, 0.98
accu_train: 1.00 (n=15, n_profile=800, n_distinct=581, t=249587)
nv, 5, 7, 9, 11, 13, 15, 17, 19, 21, 23, 25, 27, 29, 31, 33
Plurality, 1.00, 1.00, 1.00, 1.00, 1.00, 1.00, 1.00, 0.99, 0.99, 0.99, 0.99, 0.99, 0.99, 0.99, 0.99
accu_train: 0.97 (n=15, n_profile=900, n_distinct=640, t=554640)
nv, 5, 7, 9, 11, 13, 15, 17, 19, 21, 23, 25, 27, 29, 31, 33
Plurality, 0.94, 0.93, 0.95, 0.96, 0.95, 0.94, 0.94, 0.94, 0.94, 0.94, 0.94, 0.93, 0.94, 0.92, 0.92
accu_train: 1.00 (n=15, n_profile=1000, n_distinct=702, t=1494600)
nv, 5, 7, 9, 11, 13, 15, 17, 19, 21, 23, 25, 27, 29, 31, 33
Plurality, 1.00, 1.00, 1.00, 1.00, 1.00, 1.00, 1.00, 1.00, 1.00, 1.00, 1.00, 1.00, 1.00, 1.00, 1.00
