accu_train: 0.96 (n=5, n_profile=100, n_distinct=74, t=5258)
nv, 5, 7, 9, 11, 13, 15, 17, 19, 21, 23, 25, 27, 29, 31, 33
Nanson, 0.90, 0.87, 0.87, 0.86, 0.85, 0.85, 0.85, 0.85, 0.85, 0.85, 0.85, 0.85, 0.84, 0.85, 0.85
accu_train: 0.98 (n=5, n_profile=200, n_distinct=116, t=18179)
nv, 5, 7, 9, 11, 13, 15, 17, 19, 21, 23, 25, 27, 29, 31, 33
Nanson, 0.96, 0.95, 0.94, 0.93, 0.93, 0.93, 0.93, 0.92, 0.92, 0.92, 0.92, 0.92, 0.91, 0.91, 0.92
accu_train: 0.89 (n=7, n_profile=100, n_distinct=81, t=6326)
nv, 5, 7, 9, 11, 13, 15, 17, 19, 21, 23, 25, 27, 29, 31, 33
Nanson, 0.88, 0.87, 0.87, 0.86, 0.86, 0.86, 0.86, 0.86, 0.86, 0.86, 0.86, 0.86, 0.86, 0.86, 0.86
accu_train: 0.99 (n=7, n_profile=200, n_distinct=147, t=17526)
nv, 5, 7, 9, 11, 13, 15, 17, 19, 21, 23, 25, 27, 29, 31, 33
Nanson, 0.98, 0.97, 0.97, 0.96, 0.96, 0.95, 0.95, 0.95, 0.95, 0.95, 0.95, 0.95, 0.93, 0.93, 0.93
accu_train: 0.98 (n=7, n_profile=300, n_distinct=201, t=48068)
nv, 5, 7, 9, 11, 13, 15, 17, 19, 21, 23, 25, 27, 29, 31, 33
Nanson, 0.97, 0.96, 0.95, 0.94, 0.94, 0.93, 0.93, 0.93, 0.94, 0.93, 0.93, 0.93, 0.93, 0.93, 0.93
accu_train: 0.97 (n=7, n_profile=400, n_distinct=239, t=92425)
nv, 5, 7, 9, 11, 13, 15, 17, 19, 21, 23, 25, 27, 29, 31, 33
Nanson, 0.97, 0.97, 0.96, 0.94, 0.94, 0.94, 0.93, 0.93, 0.93, 0.93, 0.93, 0.93, 0.93, 0.93, 0.93
accu_train: 0.98 (n=7, n_profile=500, n_distinct=284, t=343710)
nv, 5, 7, 9, 11, 13, 15, 17, 19, 21, 23, 25, 27, 29, 31, 33
Nanson, 0.98, 0.97, 0.95, 0.95, 0.94, 0.94, 0.94, 0.93, 0.93, 0.93, 0.93, 0.93, 0.93, 0.93, 0.93
accu_train: 0.97 (n=7, n_profile=600, n_distinct=314, t=248570)
nv, 5, 7, 9, 11, 13, 15, 17, 19, 21, 23, 25, 27, 29, 31, 33
Nanson, 0.98, 0.96, 0.95, 0.94, 0.94, 0.94, 0.93, 0.92, 0.92, 0.92, 0.92, 0.93, 0.92, 0.92, 0.92
accu_train: 0.98 (n=7, n_profile=700, n_distinct=352, t=335135)
nv, 5, 7, 9, 11, 13, 15, 17, 19, 21, 23, 25, 27, 29, 31, 33
Nanson, 0.99, 0.98, 0.98, 0.97, 0.97, 0.97, 0.97, 0.97, 0.97, 0.96, 0.96, 0.96, 0.96, 0.96, 0.96
accu_train: 0.87 (n=9, n_profile=100, n_distinct=89, t=7344)
nv, 5, 7, 9, 11, 13, 15, 17, 19, 21, 23, 25, 27, 29, 31, 33
Nanson, 0.88, 0.86, 0.85, 0.85, 0.85, 0.85, 0.85, 0.85, 0.85, 0.85, 0.85, 0.84, 0.84, 0.84, 0.84
accu_train: 0.93 (n=9, n_profile=200, n_distinct=172, t=25919)
nv, 5, 7, 9, 11, 13, 15, 17, 19, 21, 23, 25, 27, 29, 31, 33
Nanson, 0.98, 0.96, 0.94, 0.93, 0.92, 0.92, 0.92, 0.92, 0.91, 0.91, 0.91, 0.91, 0.91, 0.91, 0.91
accu_train: 0.96 (n=9, n_profile=300, n_distinct=240, t=58381)
nv, 5, 7, 9, 11, 13, 15, 17, 19, 21, 23, 25, 27, 29, 31, 33
Nanson, 0.96, 0.93, 0.92, 0.91, 0.91, 0.91, 0.90, 0.91, 0.90, 0.90, 0.90, 0.90, 0.90, 0.90, 0.90
accu_train: 0.93 (n=9, n_profile=400, n_distinct=305, t=151413)
nv, 5, 7, 9, 11, 13, 15, 17, 19, 21, 23, 25, 27, 29, 31, 33
Nanson, 0.96, 0.95, 0.94, 0.93, 0.92, 0.92, 0.91, 0.91, 0.91, 0.91, 0.91, 0.91, 0.91, 0.91, 0.91
accu_train: 0.96 (n=9, n_profile=500, n_distinct=355, t=185256)
nv, 5, 7, 9, 11, 13, 15, 17, 19, 21, 23, 25, 27, 29, 31, 33
Nanson, 0.97, 0.96, 0.95, 0.94, 0.93, 0.93, 0.93, 0.93, 0.93, 0.92, 0.92, 0.92, 0.92, 0.92, 0.92
accu_train: 0.97 (n=9, n_profile=600, n_distinct=409, t=469381)
nv, 5, 7, 9, 11, 13, 15, 17, 19, 21, 23, 25, 27, 29, 31, 33
Nanson, 0.98, 0.97, 0.96, 0.95, 0.94, 0.94, 0.94, 0.94, 0.94, 0.93, 0.93, 0.93, 0.93, 0.93, 0.93
accu_train: 0.98 (n=9, n_profile=700, n_distinct=456, t=395007)
nv, 5, 7, 9, 11, 13, 15, 17, 19, 21, 23, 25, 27, 29, 31, 33
Nanson, 0.99, 0.98, 0.97, 0.96, 0.95, 0.95, 0.94, 0.94, 0.94, 0.94, 0.94, 0.94, 0.94, 0.94, 0.94
accu_train: 0.98 (n=9, n_profile=800, n_distinct=491, t=650762)
nv, 5, 7, 9, 11, 13, 15, 17, 19, 21, 23, 25, 27, 29, 31, 33
Nanson, 0.99, 0.97, 0.96, 0.93, 0.93, 0.92, 0.92, 0.92, 0.92, 0.92, 0.92, 0.92, 0.92, 0.91, 0.91
accu_train: 0.98 (n=9, n_profile=900, n_distinct=533, t=731415)
nv, 5, 7, 9, 11, 13, 15, 17, 19, 21, 23, 25, 27, 29, 31, 33
Nanson, 0.98, 0.98, 0.97, 0.97, 0.96, 0.96, 0.95, 0.95, 0.95, 0.94, 0.94, 0.94, 0.94, 0.94, 0.94
accu_train: 0.96 (n=9, n_profile=1000, n_distinct=600, t=951075)
nv, 5, 7, 9, 11, 13, 15, 17, 19, 21, 23, 25, 27, 29, 31, 33
Nanson, 0.98, 0.97, 0.95, 0.94, 0.93, 0.92, 0.92, 0.91, 0.91, 0.91, 0.91, 0.91, 0.91, 0.91, 0.91
accu_train: 0.90 (n=11, n_profile=100, n_distinct=93, t=9752)
nv, 5, 7, 9, 11, 13, 15, 17, 19, 21, 23, 25, 27, 29, 31, 33
Nanson, 0.83, 0.82, 0.82, 0.82, 0.81, 0.81, 0.81, 0.81, 0.81, 0.81, 0.81, 0.81, 0.81, 0.81, 0.81
accu_train: 0.92 (n=11, n_profile=200, n_distinct=181, t=36290)
nv, 5, 7, 9, 11, 13, 15, 17, 19, 21, 23, 25, 27, 29, 31, 33
Nanson, 0.93, 0.91, 0.90, 0.90, 0.89, 0.89, 0.89, 0.89, 0.89, 0.89, 0.89, 0.88, 0.88, 0.88, 0.88
accu_train: 0.93 (n=11, n_profile=300, n_distinct=264, t=83007)
nv, 5, 7, 9, 11, 13, 15, 17, 19, 21, 23, 25, 27, 29, 31, 33
Nanson, 0.91, 0.91, 0.90, 0.89, 0.89, 0.89, 0.88, 0.88, 0.88, 0.88, 0.88, 0.88, 0.88, 0.88, 0.88
accu_train: 0.93 (n=11, n_profile=400, n_distinct=339, t=162449)
nv, 5, 7, 9, 11, 13, 15, 17, 19, 21, 23, 25, 27, 29, 31, 33
Nanson, 0.92, 0.93, 0.92, 0.92, 0.91, 0.91, 0.91, 0.91, 0.90, 0.91, 0.90, 0.90, 0.90, 0.90, 0.90
accu_train: 0.96 (n=11, n_profile=500, n_distinct=392, t=284851)
nv, 5, 7, 9, 11, 13, 15, 17, 19, 21, 23, 25, 27, 29, 31, 33
Nanson, 0.93, 0.92, 0.94, 0.92, 0.92, 0.91, 0.91, 0.90, 0.90, 0.90, 0.90, 0.90, 0.90, 0.90, 0.90
accu_train: 0.96 (n=11, n_profile=600, n_distinct=472, t=372783)
nv, 5, 7, 9, 11, 13, 15, 17, 19, 21, 23, 25, 27, 29, 31, 33
Nanson, 0.99, 0.98, 0.96, 0.95, 0.95, 0.94, 0.94, 0.94, 0.94, 0.94, 0.94, 0.94, 0.94, 0.93, 0.94
accu_train: 0.97 (n=11, n_profile=700, n_distinct=527, t=358884)
nv, 5, 7, 9, 11, 13, 15, 17, 19, 21, 23, 25, 27, 29, 31, 33
Nanson, 0.98, 0.97, 0.96, 0.95, 0.95, 0.94, 0.94, 0.94, 0.94, 0.94, 0.94, 0.94, 0.94, 0.94, 0.94
accu_train: 0.98 (n=11, n_profile=800, n_distinct=580, t=480175)
nv, 5, 7, 9, 11, 13, 15, 17, 19, 21, 23, 25, 27, 29, 31, 33
Nanson, 0.98, 0.97, 0.96, 0.96, 0.95, 0.95, 0.94, 0.94, 0.94, 0.94, 0.94, 0.94, 0.94, 0.94, 0.94
accu_train: 0.98 (n=11, n_profile=900, n_distinct=633, t=700587)
nv, 5, 7, 9, 11, 13, 15, 17, 19, 21, 23, 25, 27, 29, 31, 33
Nanson, 1.00, 0.98, 0.97, 0.97, 0.96, 0.96, 0.96, 0.96, 0.96, 0.96, 0.95, 0.95, 0.95, 0.95, 0.95
accu_train: 0.95 (n=11, n_profile=1000, n_distinct=684, t=908827)
nv, 5, 7, 9, 11, 13, 15, 17, 19, 21, 23, 25, 27, 29, 31, 33
Nanson, 0.97, 0.97, 0.96, 0.96, 0.95, 0.95, 0.95, 0.94, 0.94, 0.94, 0.94, 0.94, 0.94, 0.94, 0.94
accu_train: 0.84 (n=13, n_profile=100, n_distinct=96, t=7025)
nv, 5, 7, 9, 11, 13, 15, 17, 19, 21, 23, 25, 27, 29, 31, 33
Nanson, 0.88, 0.86, 0.85, 0.85, 0.85, 0.85, 0.84, 0.84, 0.84, 0.84, 0.84, 0.84, 0.84, 0.84, 0.84
accu_train: 0.91 (n=13, n_profile=200, n_distinct=183, t=25789)
nv, 5, 7, 9, 11, 13, 15, 17, 19, 21, 23, 25, 27, 29, 31, 33
Nanson, 0.98, 0.95, 0.93, 0.92, 0.91, 0.91, 0.91, 0.91, 0.91, 0.90, 0.90, 0.90, 0.90, 0.90, 0.90
accu_train: 0.93 (n=13, n_profile=300, n_distinct=269, t=69213)
nv, 5, 7, 9, 11, 13, 15, 17, 19, 21, 23, 25, 27, 29, 31, 33
Nanson, 0.93, 0.91, 0.91, 0.91, 0.90, 0.90, 0.90, 0.90, 0.90, 0.90, 0.90, 0.90, 0.90, 0.90, 0.90
accu_train: 0.96 (n=13, n_profile=400, n_distinct=355, t=117068)
nv, 5, 7, 9, 11, 13, 15, 17, 19, 21, 23, 25, 27, 29, 31, 33
Nanson, 0.96, 0.94, 0.93, 0.92, 0.92, 0.91, 0.91, 0.91, 0.91, 0.91, 0.91, 0.91, 0.91, 0.91, 0.91
accu_train: 0.94 (n=13, n_profile=500, n_distinct=424, t=212378)
nv, 5, 7, 9, 11, 13, 15, 17, 19, 21, 23, 25, 27, 29, 31, 33
Nanson, 0.96, 0.95, 0.93, 0.92, 0.92, 0.92, 0.91, 0.91, 0.91, 0.91, 0.91, 0.91, 0.91, 0.91, 0.91
accu_train: 0.93 (n=13, n_profile=600, n_distinct=499, t=286695)
nv, 5, 7, 9, 11, 13, 15, 17, 19, 21, 23, 25, 27, 29, 31, 33
Nanson, 0.94, 0.93, 0.93, 0.92, 0.91, 0.91, 0.91, 0.90, 0.90, 0.90, 0.90, 0.90, 0.90, 0.90, 0.90
accu_train: 0.92 (n=13, n_profile=700, n_distinct=559, t=480810)
nv, 5, 7, 9, 11, 13, 15, 17, 19, 21, 23, 25, 27, 29, 31, 33
Nanson, 0.96, 0.94, 0.93, 0.92, 0.92, 0.92, 0.91, 0.91, 0.91, 0.91, 0.91, 0.91, 0.91, 0.90, 0.90
accu_train: 0.96 (n=13, n_profile=800, n_distinct=630, t=587893)
nv, 5, 7, 9, 11, 13, 15, 17, 19, 21, 23, 25, 27, 29, 31, 33
Nanson, 0.96, 0.94, 0.94, 0.93, 0.93, 0.92, 0.92, 0.92, 0.92, 0.92, 0.92, 0.92, 0.92, 0.92, 0.92
accu_train: 0.92 (n=13, n_profile=900, n_distinct=694, t=1580000)
nv, 5, 7, 9, 11, 13, 15, 17, 19, 21, 23, 25, 27, 29, 31, 33
Nanson, 0.92, 0.92, 0.91, 0.92, 0.91, 0.91, 0.91, 0.91, 0.91, 0.91, 0.91, 0.91, 0.91, 0.91, 0.91
accu_train: 0.92 (n=13, n_profile=1000, n_distinct=774, t=2236315)
nv, 5, 7, 9, 11, 13, 15, 17, 19, 21, 23, 25, 27, 29, 31, 33
Nanson, 0.91, 0.92, 0.91, 0.91, 0.91, 0.91, 0.91, 0.91, 0.91, 0.91, 0.90, 0.90, 0.90, 0.90, 0.90
accu_train: 0.95 (n=15, n_profile=100, n_distinct=98, t=5189)
nv, 5, 7, 9, 11, 13, 15, 17, 19, 21, 23, 25, 27, 29, 31, 33
Nanson, 0.96, 0.92, 0.91, 0.91, 0.90, 0.90, 0.90, 0.90, 0.90, 0.90, 0.90, 0.90, 0.89, 0.89, 0.89
accu_train: 0.89 (n=15, n_profile=200, n_distinct=186, t=26813)
nv, 5, 7, 9, 11, 13, 15, 17, 19, 21, 23, 25, 27, 29, 31, 33
Nanson, 0.92, 0.91, 0.90, 0.90, 0.89, 0.89, 0.89, 0.89, 0.89, 0.89, 0.89, 0.89, 0.89, 0.89, 0.89
accu_train: 0.94 (n=15, n_profile=300, n_distinct=281, t=70052)
nv, 5, 7, 9, 11, 13, 15, 17, 19, 21, 23, 25, 27, 29, 31, 33
Nanson, 0.93, 0.92, 0.91, 0.91, 0.90, 0.90, 0.90, 0.90, 0.90, 0.90, 0.90, 0.90, 0.90, 0.90, 0.90
accu_train: 0.90 (n=15, n_profile=400, n_distinct=355, t=160796)
nv, 5, 7, 9, 11, 13, 15, 17, 19, 21, 23, 25, 27, 29, 31, 33
Nanson, 0.91, 0.89, 0.88, 0.88, 0.88, 0.88, 0.87, 0.87, 0.87, 0.87, 0.87, 0.87, 0.87, 0.87, 0.87
accu_train: 0.91 (n=15, n_profile=500, n_distinct=451, t=287340)
nv, 5, 7, 9, 11, 13, 15, 17, 19, 21, 23, 25, 27, 29, 31, 33
Nanson, 0.95, 0.92, 0.91, 0.90, 0.90, 0.90, 0.90, 0.90, 0.90, 0.90, 0.90, 0.90, 0.90, 0.90, 0.89
accu_train: 0.91 (n=15, n_profile=600, n_distinct=529, t=503809)
nv, 5, 7, 9, 11, 13, 15, 17, 19, 21, 23, 25, 27, 29, 31, 33
Nanson, 0.91, 0.90, 0.89, 0.89, 0.88, 0.88, 0.88, 0.88, 0.88, 0.88, 0.88, 0.88, 0.88, 0.88, 0.88
accu_train: 0.93 (n=15, n_profile=700, n_distinct=596, t=739985)
nv, 5, 7, 9, 11, 13, 15, 17, 19, 21, 23, 25, 27, 29, 31, 33
Nanson, 0.93, 0.94, 0.92, 0.92, 0.92, 0.92, 0.91, 0.91, 0.91, 0.91, 0.91, 0.91, 0.91, 0.91, 0.91
accu_train: 0.93 (n=15, n_profile=800, n_distinct=667, t=640549)
nv, 5, 7, 9, 11, 13, 15, 17, 19, 21, 23, 25, 27, 29, 31, 33
Nanson, 0.93, 0.91, 0.91, 0.91, 0.91, 0.90, 0.90, 0.90, 0.90, 0.90, 0.90, 0.90, 0.90, 0.90, 0.90
accu_train: 0.93 (n=15, n_profile=900, n_distinct=749, t=823858)
nv, 5, 7, 9, 11, 13, 15, 17, 19, 21, 23, 25, 27, 29, 31, 33
Nanson, 0.92, 0.93, 0.91, 0.92, 0.91, 0.91, 0.91, 0.90, 0.90, 0.90, 0.90, 0.90, 0.90, 0.90, 0.90
accu_train: 0.93 (n=15, n_profile=1000, n_distinct=816, t=3579352)
nv, 5, 7, 9, 11, 13, 15, 17, 19, 21, 23, 25, 27, 29, 31, 33
Nanson, 0.94, 0.93, 0.92, 0.92, 0.91, 0.91, 0.91, 0.91, 0.91, 0.91, 0.91, 0.91, 0.91, 0.91, 0.91
