accu_train: 1.00 (n=5, n_profile=100, n_distinct=74, t=3453)
nv, 5, 7, 9, 11, 13, 15, 17, 19, 21, 23, 25, 27, 29, 31, 33
Schulze, 0.96, 0.94, 0.94, 0.94, 0.92, 0.91, 0.91, 0.91, 0.91, 0.91, 0.92, 0.92, 0.92, 0.92, 0.92
accu_train: 0.98 (n=5, n_profile=200, n_distinct=115, t=18271)
nv, 5, 7, 9, 11, 13, 15, 17, 19, 21, 23, 25, 27, 29, 31, 33
Schulze, 0.96, 0.95, 0.94, 0.94, 0.94, 0.94, 0.94, 0.94, 0.93, 0.93, 0.93, 0.93, 0.93, 0.93, 0.93
accu_train: 0.94 (n=7, n_profile=100, n_distinct=90, t=4771)
nv, 5, 7, 9, 11, 13, 15, 17, 19, 21, 23, 25, 27, 29, 31, 33
Schulze, 0.89, 0.87, 0.88, 0.88, 0.87, 0.87, 0.87, 0.87, 0.87, 0.87, 0.87, 0.87, 0.87, 0.87, 0.87
accu_train: 0.98 (n=7, n_profile=200, n_distinct=152, t=18544)
nv, 5, 7, 9, 11, 13, 15, 17, 19, 21, 23, 25, 27, 29, 31, 33
Schulze, 0.95, 0.93, 0.93, 0.92, 0.92, 0.92, 0.92, 0.92, 0.92, 0.92, 0.92, 0.91, 0.91, 0.91, 0.91
accu_train: 1.00 (n=7, n_profile=300, n_distinct=211, t=43317)
nv, 5, 7, 9, 11, 13, 15, 17, 19, 21, 23, 25, 27, 29, 31, 33
Schulze, 0.96, 0.95, 0.93, 0.93, 0.93, 0.93, 0.93, 0.93, 0.93, 0.93, 0.93, 0.93, 0.93, 0.93, 0.93
accu_train: 0.97 (n=7, n_profile=400, n_distinct=245, t=86196)
nv, 5, 7, 9, 11, 13, 15, 17, 19, 21, 23, 25, 27, 29, 31, 33
Schulze, 0.96, 0.95, 0.94, 0.94, 0.94, 0.94, 0.93, 0.93, 0.93, 0.93, 0.93, 0.93, 0.93, 0.93, 0.93
accu_train: 0.99 (n=7, n_profile=500, n_distinct=291, t=122410)
nv, 5, 7, 9, 11, 13, 15, 17, 19, 21, 23, 25, 27, 29, 31, 33
Schulze, 0.96, 0.94, 0.93, 0.92, 0.92, 0.92, 0.92, 0.92, 0.92, 0.92, 0.92, 0.92, 0.92, 0.92, 0.92
accu_train: 1.00 (n=7, n_profile=600, n_distinct=313, t=167534)
nv, 5, 7, 9, 11, 13, 15, 17, 19, 21, 23, 25, 27, 29, 31, 33
Schulze, 0.98, 0.97, 0.96, 0.96, 0.96, 0.96, 0.96, 0.96, 0.96, 0.96, 0.96, 0.96, 0.96, 0.96, 0.96
accu_train: 0.96 (n=7, n_profile=700, n_distinct=336, t=253132)
nv, 5, 7, 9, 11, 13, 15, 17, 19, 21, 23, 25, 27, 29, 31, 33
Schulze, 0.96, 0.94, 0.93, 0.92, 0.92, 0.92, 0.92, 0.92, 0.92, 0.92, 0.92, 0.92, 0.92, 0.92, 0.92
accu_train: 0.93 (n=9, n_profile=100, n_distinct=91, t=5180)
nv, 5, 7, 9, 11, 13, 15, 17, 19, 21, 23, 25, 27, 29, 31, 33
Schulze, 0.90, 0.90, 0.89, 0.88, 0.88, 0.88, 0.88, 0.87, 0.87, 0.87, 0.87, 0.87, 0.87, 0.87, 0.87
accu_train: 0.94 (n=9, n_profile=200, n_distinct=181, t=27624)
nv, 5, 7, 9, 11, 13, 15, 17, 19, 21, 23, 25, 27, 29, 31, 33
Schulze, 0.96, 0.94, 0.93, 0.92, 0.92, 0.92, 0.91, 0.91, 0.91, 0.91, 0.91, 0.91, 0.91, 0.91, 0.91
accu_train: 0.94 (n=9, n_profile=300, n_distinct=239, t=55320)
nv, 5, 7, 9, 11, 13, 15, 17, 19, 21, 23, 25, 27, 29, 31, 33
Schulze, 0.95, 0.91, 0.89, 0.89, 0.89, 0.89, 0.89, 0.89, 0.89, 0.89, 0.89, 0.89, 0.88, 0.88, 0.89
accu_train: 0.98 (n=9, n_profile=400, n_distinct=304, t=87796)
nv, 5, 7, 9, 11, 13, 15, 17, 19, 21, 23, 25, 27, 29, 31, 33
Schulze, 0.96, 0.95, 0.94, 0.94, 0.94, 0.94, 0.93, 0.93, 0.93, 0.92, 0.92, 0.92, 0.92, 0.92, 0.92
accu_train: 0.95 (n=9, n_profile=500, n_distinct=354, t=173659)
nv, 5, 7, 9, 11, 13, 15, 17, 19, 21, 23, 25, 27, 29, 31, 33
Schulze, 0.97, 0.95, 0.94, 0.93, 0.93, 0.93, 0.93, 0.93, 0.93, 0.92, 0.92, 0.92, 0.92, 0.92, 0.92
accu_train: 0.96 (n=9, n_profile=600, n_distinct=414, t=239870)
nv, 5, 7, 9, 11, 13, 15, 17, 19, 21, 23, 25, 27, 29, 31, 33
Schulze, 0.98, 0.95, 0.94, 0.93, 0.93, 0.93, 0.92, 0.92, 0.92, 0.92, 0.92, 0.92, 0.92, 0.92, 0.92
accu_train: 0.95 (n=9, n_profile=700, n_distinct=476, t=285254)
nv, 5, 7, 9, 11, 13, 15, 17, 19, 21, 23, 25, 27, 29, 31, 33
Schulze, 0.93, 0.93, 0.92, 0.92, 0.92, 0.92, 0.92, 0.92, 0.92, 0.92, 0.92, 0.92, 0.92, 0.92, 0.92
accu_train: 0.99 (n=9, n_profile=800, n_distinct=485, t=508087)
nv, 5, 7, 9, 11, 13, 15, 17, 19, 21, 23, 25, 27, 29, 31, 33
Schulze, 0.97, 0.96, 0.96, 0.96, 0.95, 0.95, 0.95, 0.95, 0.95, 0.95, 0.95, 0.95, 0.95, 0.95, 0.95
accu_train: 0.96 (n=9, n_profile=900, n_distinct=561, t=441878)
nv, 5, 7, 9, 11, 13, 15, 17, 19, 21, 23, 25, 27, 29, 31, 33
Schulze, 0.96, 0.94, 0.93, 0.93, 0.93, 0.93, 0.92, 0.93, 0.92, 0.92, 0.92, 0.92, 0.92, 0.92, 0.92
accu_train: 0.99 (n=9, n_profile=1000, n_distinct=586, t=568872)
nv, 5, 7, 9, 11, 13, 15, 17, 19, 21, 23, 25, 27, 29, 31, 33
Schulze, 0.98, 0.97, 0.96, 0.95, 0.95, 0.95, 0.95, 0.95, 0.95, 0.95, 0.95, 0.95, 0.95, 0.95, 0.95
accu_train: 0.93 (n=11, n_profile=100, n_distinct=96, t=6528)
nv, 5, 7, 9, 11, 13, 15, 17, 19, 21, 23, 25, 27, 29, 31, 33
Schulze, 0.91, 0.88, 0.87, 0.87, 0.86, 0.86, 0.86, 0.86, 0.85, 0.85, 0.85, 0.85, 0.85, 0.85, 0.85
accu_train: 0.91 (n=11, n_profile=200, n_distinct=183, t=31403)
nv, 5, 7, 9, 11, 13, 15, 17, 19, 21, 23, 25, 27, 29, 31, 33
Schulze, 0.95, 0.92, 0.91, 0.91, 0.90, 0.90, 0.90, 0.90, 0.90, 0.90, 0.90, 0.90, 0.89, 0.89, 0.89
accu_train: 0.93 (n=11, n_profile=300, n_distinct=263, t=53477)
nv, 5, 7, 9, 11, 13, 15, 17, 19, 21, 23, 25, 27, 29, 31, 33
Schulze, 0.94, 0.92, 0.91, 0.90, 0.90, 0.90, 0.90, 0.90, 0.90, 0.90, 0.90, 0.90, 0.90, 0.90, 0.90
accu_train: 0.96 (n=11, n_profile=400, n_distinct=339, t=126976)
nv, 5, 7, 9, 11, 13, 15, 17, 19, 21, 23, 25, 27, 29, 31, 33
Schulze, 0.96, 0.95, 0.94, 0.94, 0.93, 0.93, 0.93, 0.92, 0.92, 0.92, 0.92, 0.92, 0.92, 0.92, 0.92
accu_train: 0.99 (n=11, n_profile=500, n_distinct=408, t=184870)
nv, 5, 7, 9, 11, 13, 15, 17, 19, 21, 23, 25, 27, 29, 31, 33
Schulze, 0.98, 0.96, 0.96, 0.95, 0.95, 0.95, 0.95, 0.95, 0.95, 0.95, 0.95, 0.95, 0.95, 0.95, 0.95
accu_train: 0.96 (n=11, n_profile=600, n_distinct=470, t=321620)
nv, 5, 7, 9, 11, 13, 15, 17, 19, 21, 23, 25, 27, 29, 31, 33
Schulze, 0.93, 0.92, 0.91, 0.91, 0.91, 0.90, 0.90, 0.90, 0.90, 0.90, 0.90, 0.90, 0.90, 0.90, 0.90
accu_train: 0.95 (n=11, n_profile=700, n_distinct=539, t=287026)
nv, 5, 7, 9, 11, 13, 15, 17, 19, 21, 23, 25, 27, 29, 31, 33
Schulze, 0.94, 0.93, 0.93, 0.92, 0.91, 0.91, 0.91, 0.91, 0.91, 0.91, 0.91, 0.91, 0.91, 0.91, 0.91
accu_train: 0.96 (n=11, n_profile=800, n_distinct=600, t=483491)
nv, 5, 7, 9, 11, 13, 15, 17, 19, 21, 23, 25, 27, 29, 31, 33
Schulze, 0.95, 0.94, 0.94, 0.94, 0.93, 0.93, 0.93, 0.93, 0.93, 0.93, 0.93, 0.93, 0.93, 0.93, 0.93
accu_train: 0.98 (n=11, n_profile=900, n_distinct=643, t=448660)
nv, 5, 7, 9, 11, 13, 15, 17, 19, 21, 23, 25, 27, 29, 31, 33
Schulze, 0.98, 0.95, 0.94, 0.94, 0.94, 0.94, 0.94, 0.94, 0.94, 0.94, 0.94, 0.94, 0.93, 0.94, 0.93
accu_train: 0.97 (n=11, n_profile=1000, n_distinct=695, t=561509)
nv, 5, 7, 9, 11, 13, 15, 17, 19, 21, 23, 25, 27, 29, 31, 33
Schulze, 0.95, 0.94, 0.94, 0.93, 0.93, 0.93, 0.93, 0.93, 0.93, 0.93, 0.93, 0.93, 0.93, 0.93, 0.93
accu_train: 0.94 (n=13, n_profile=100, n_distinct=96, t=4567)
nv, 5, 7, 9, 11, 13, 15, 17, 19, 21, 23, 25, 27, 29, 31, 33
Schulze, 0.88, 0.87, 0.87, 0.87, 0.87, 0.86, 0.86, 0.86, 0.86, 0.86, 0.86, 0.86, 0.86, 0.86, 0.86
accu_train: 0.92 (n=13, n_profile=200, n_distinct=194, t=24366)
nv, 5, 7, 9, 11, 13, 15, 17, 19, 21, 23, 25, 27, 29, 31, 33
Schulze, 0.88, 0.86, 0.86, 0.86, 0.85, 0.85, 0.85, 0.85, 0.85, 0.85, 0.85, 0.85, 0.85, 0.84, 0.85
accu_train: 0.95 (n=13, n_profile=300, n_distinct=271, t=52850)
nv, 5, 7, 9, 11, 13, 15, 17, 19, 21, 23, 25, 27, 29, 31, 33
Schulze, 0.96, 0.94, 0.93, 0.92, 0.92, 0.92, 0.92, 0.91, 0.91, 0.91, 0.91, 0.91, 0.91, 0.91, 0.91
accu_train: 0.91 (n=13, n_profile=400, n_distinct=350, t=103231)
nv, 5, 7, 9, 11, 13, 15, 17, 19, 21, 23, 25, 27, 29, 31, 33
Schulze, 0.91, 0.90, 0.90, 0.90, 0.89, 0.87, 0.87, 0.87, 0.88, 0.88, 0.88, 0.88, 0.88, 0.88, 0.88
accu_train: 0.95 (n=13, n_profile=500, n_distinct=424, t=148042)
nv, 5, 7, 9, 11, 13, 15, 17, 19, 21, 23, 25, 27, 29, 31, 33
Schulze, 0.95, 0.94, 0.93, 0.92, 0.92, 0.92, 0.92, 0.89, 0.89, 0.90, 0.90, 0.90, 0.90, 0.90, 0.90
accu_train: 0.95 (n=13, n_profile=600, n_distinct=494, t=313217)
nv, 5, 7, 9, 11, 13, 15, 17, 19, 21, 23, 25, 27, 29, 31, 33
Schulze, 0.95, 0.94, 0.93, 0.93, 0.92, 0.92, 0.92, 0.92, 0.92, 0.92, 0.92, 0.92, 0.92, 0.92, 0.92
accu_train: 0.97 (n=13, n_profile=700, n_distinct=581, t=326568)
nv, 5, 7, 9, 11, 13, 15, 17, 19, 21, 23, 25, 27, 29, 31, 33
Schulze, 0.97, 0.96, 0.94, 0.94, 0.94, 0.93, 0.93, 0.93, 0.93, 0.92, 0.93, 0.92, 0.92, 0.92, 0.92
accu_train: 0.97 (n=13, n_profile=800, n_distinct=620, t=372344)
nv, 5, 7, 9, 11, 13, 15, 17, 19, 21, 23, 25, 27, 29, 31, 33
Schulze, 0.96, 0.94, 0.94, 0.93, 0.93, 0.93, 0.93, 0.93, 0.93, 0.93, 0.93, 0.93, 0.93, 0.93, 0.93
accu_train: 0.97 (n=13, n_profile=900, n_distinct=700, t=967696)
nv, 5, 7, 9, 11, 13, 15, 17, 19, 21, 23, 25, 27, 29, 31, 33
Schulze, 0.95, 0.94, 0.93, 0.93, 0.93, 0.92, 0.92, 0.92, 0.92, 0.91, 0.91, 0.91, 0.91, 0.91, 0.91
accu_train: 0.97 (n=13, n_profile=1000, n_distinct=761, t=675150)
nv, 5, 7, 9, 11, 13, 15, 17, 19, 21, 23, 25, 27, 29, 31, 33
Schulze, 0.96, 0.94, 0.93, 0.93, 0.93, 0.92, 0.92, 0.92, 0.92, 0.92, 0.92, 0.92, 0.92, 0.92, 0.92
accu_train: 0.95 (n=15, n_profile=100, n_distinct=99, t=4628)
nv, 5, 7, 9, 11, 13, 15, 17, 19, 21, 23, 25, 27, 29, 31, 33
Schulze, 0.91, 0.89, 0.88, 0.88, 0.88, 0.88, 0.87, 0.87, 0.87, 0.87, 0.87, 0.87, 0.87, 0.87, 0.87
accu_train: 0.91 (n=15, n_profile=200, n_distinct=191, t=25121)
nv, 5, 7, 9, 11, 13, 15, 17, 19, 21, 23, 25, 27, 29, 31, 33
Schulze, 0.94, 0.93, 0.91, 0.91, 0.91, 0.90, 0.90, 0.90, 0.90, 0.90, 0.90, 0.90, 0.90, 0.90, 0.90
accu_train: 0.95 (n=15, n_profile=300, n_distinct=277, t=61306)
nv, 5, 7, 9, 11, 13, 15, 17, 19, 21, 23, 25, 27, 29, 31, 33
Schulze, 0.96, 0.95, 0.92, 0.92, 0.92, 0.92, 0.92, 0.92, 0.92, 0.92, 0.92, 0.92, 0.92, 0.92, 0.92
accu_train: 0.95 (n=15, n_profile=400, n_distinct=355, t=90505)
nv, 5, 7, 9, 11, 13, 15, 17, 19, 21, 23, 25, 27, 29, 31, 33
Schulze, 0.95, 0.94, 0.94, 0.93, 0.93, 0.93, 0.91, 0.91, 0.91, 0.91, 0.91, 0.91, 0.91, 0.91, 0.92
accu_train: 0.94 (n=15, n_profile=500, n_distinct=458, t=152815)
nv, 5, 7, 9, 11, 13, 15, 17, 19, 21, 23, 25, 27, 29, 31, 33
Schulze, 0.96, 0.93, 0.93, 0.92, 0.91, 0.91, 0.91, 0.91, 0.91, 0.91, 0.91, 0.91, 0.91, 0.91, 0.91
accu_train: 0.95 (n=15, n_profile=600, n_distinct=516, t=316913)
nv, 5, 7, 9, 11, 13, 15, 17, 19, 21, 23, 25, 27, 29, 31, 33
Schulze, 0.93, 0.92, 0.92, 0.92, 0.91, 0.91, 0.91, 0.91, 0.91, 0.91, 0.91, 0.91, 0.91, 0.91, 0.91
accu_train: 0.96 (n=15, n_profile=700, n_distinct=612, t=333701)
nv, 5, 7, 9, 11, 13, 15, 17, 19, 21, 23, 25, 27, 29, 31, 33
Schulze, 0.95, 0.93, 0.93, 0.93, 0.92, 0.93, 0.92, 0.92, 0.90, 0.90, 0.90, 0.90, 0.90, 0.90, 0.91
accu_train: 0.95 (n=15, n_profile=800, n_distinct=683, t=372413)
nv, 5, 7, 9, 11, 13, 15, 17, 19, 21, 23, 25, 27, 29, 31, 33
Schulze, 0.93, 0.92, 0.92, 0.92, 0.91, 0.91, 0.91, 0.91, 0.91, 0.91, 0.91, 0.91, 0.91, 0.91, 0.91
accu_train: 0.95 (n=15, n_profile=900, n_distinct=758, t=519509)
nv, 5, 7, 9, 11, 13, 15, 17, 19, 21, 23, 25, 27, 29, 31, 33
Schulze, 0.96, 0.94, 0.93, 0.92, 0.93, 0.92, 0.92, 0.92, 0.90, 0.90, 0.90, 0.90, 0.90, 0.91, 0.91
accu_train: 0.96 (n=15, n_profile=1000, n_distinct=824, t=740511)
nv, 5, 7, 9, 11, 13, 15, 17, 19, 21, 23, 25, 27, 29, 31, 33
Schulze, 0.97, 0.94, 0.94, 0.93, 0.93, 0.93, 0.93, 0.93, 0.93, 0.93, 0.93, 0.93, 0.93, 0.93, 0.93
