accu_train: 0.97 (n=5, n_profile=100, n_distinct=68, t=7557)
nv, 5, 7, 9, 11, 13, 15, 17, 19, 21, 23, 25, 27, 29, 31, 33
Bucklin, 0.88, 0.88, 0.86, 0.85, 0.84, 0.84, 0.84, 0.84, 0.83, 0.83, 0.83, 0.83, 0.83, 0.83, 0.82
accu_train: 0.96 (n=5, n_profile=200, n_distinct=109, t=21302)
nv, 5, 7, 9, 11, 13, 15, 17, 19, 21, 23, 25, 27, 29, 31, 33
Bucklin, 0.92, 0.91, 0.90, 0.89, 0.89, 0.88, 0.87, 0.87, 0.87, 0.87, 0.87, 0.86, 0.86, 0.86, 0.86
accu_train: 0.93 (n=7, n_profile=100, n_distinct=76, t=5074)
nv, 5, 7, 9, 11, 13, 15, 17, 19, 21, 23, 25, 27, 29, 31, 33
Bucklin, 0.88, 0.89, 0.87, 0.85, 0.85, 0.85, 0.84, 0.84, 0.84, 0.84, 0.84, 0.84, 0.83, 0.83, 0.83
accu_train: 0.92 (n=7, n_profile=200, n_distinct=129, t=23342)
nv, 5, 7, 9, 11, 13, 15, 17, 19, 21, 23, 25, 27, 29, 31, 33
Bucklin, 0.92, 0.90, 0.88, 0.87, 0.87, 0.86, 0.86, 0.86, 0.85, 0.85, 0.85, 0.84, 0.84, 0.84, 0.84
accu_train: 0.93 (n=7, n_profile=300, n_distinct=191, t=73839)
nv, 5, 7, 9, 11, 13, 15, 17, 19, 21, 23, 25, 27, 29, 31, 33
Bucklin, 0.89, 0.91, 0.89, 0.88, 0.88, 0.87, 0.87, 0.87, 0.86, 0.86, 0.86, 0.86, 0.86, 0.86, 0.85
accu_train: 0.95 (n=7, n_profile=400, n_distinct=216, t=113960)
nv, 5, 7, 9, 11, 13, 15, 17, 19, 21, 23, 25, 27, 29, 31, 33
Bucklin, 0.94, 0.93, 0.91, 0.90, 0.90, 0.89, 0.88, 0.88, 0.88, 0.87, 0.87, 0.87, 0.87, 0.87, 0.87
accu_train: 0.95 (n=7, n_profile=500, n_distinct=256, t=186299)
nv, 5, 7, 9, 11, 13, 15, 17, 19, 21, 23, 25, 27, 29, 31, 33
Bucklin, 0.96, 0.95, 0.93, 0.91, 0.91, 0.90, 0.90, 0.89, 0.89, 0.89, 0.89, 0.88, 0.88, 0.88, 0.88
accu_train: 0.95 (n=7, n_profile=600, n_distinct=284, t=299362)
nv, 5, 7, 9, 11, 13, 15, 17, 19, 21, 23, 25, 27, 29, 31, 33
Bucklin, 0.96, 0.95, 0.92, 0.91, 0.91, 0.90, 0.89, 0.89, 0.88, 0.88, 0.87, 0.87, 0.87, 0.87, 0.86
accu_train: 0.95 (n=7, n_profile=700, n_distinct=326, t=445522)
nv, 5, 7, 9, 11, 13, 15, 17, 19, 21, 23, 25, 27, 29, 31, 33
Bucklin, 0.94, 0.94, 0.91, 0.90, 0.90, 0.89, 0.89, 0.89, 0.88, 0.88, 0.88, 0.87, 0.87, 0.87, 0.87
accu_train: 0.94 (n=9, n_profile=100, n_distinct=79, t=5546)
nv, 5, 7, 9, 11, 13, 15, 17, 19, 21, 23, 25, 27, 29, 31, 33
Bucklin, 0.86, 0.86, 0.86, 0.85, 0.85, 0.85, 0.85, 0.85, 0.84, 0.84, 0.84, 0.84, 0.84, 0.84, 0.84
accu_train: 0.93 (n=9, n_profile=200, n_distinct=154, t=25679)
nv, 5, 7, 9, 11, 13, 15, 17, 19, 21, 23, 25, 27, 29, 31, 33
Bucklin, 0.88, 0.88, 0.87, 0.86, 0.86, 0.86, 0.85, 0.85, 0.85, 0.85, 0.85, 0.85, 0.85, 0.85, 0.84
accu_train: 0.93 (n=9, n_profile=300, n_distinct=224, t=75321)
nv, 5, 7, 9, 11, 13, 15, 17, 19, 21, 23, 25, 27, 29, 31, 33
Bucklin, 0.88, 0.88, 0.88, 0.87, 0.87, 0.87, 0.87, 0.87, 0.87, 0.87, 0.87, 0.87, 0.86, 0.86, 0.86
accu_train: 0.92 (n=9, n_profile=400, n_distinct=279, t=136589)
nv, 5, 7, 9, 11, 13, 15, 17, 19, 21, 23, 25, 27, 29, 31, 33
Bucklin, 0.88, 0.87, 0.88, 0.87, 0.87, 0.87, 0.87, 0.87, 0.87, 0.87, 0.87, 0.86, 0.86, 0.87, 0.86
accu_train: 0.93 (n=9, n_profile=500, n_distinct=334, t=202164)
nv, 5, 7, 9, 11, 13, 15, 17, 19, 21, 23, 25, 27, 29, 31, 33
Bucklin, 0.88, 0.87, 0.87, 0.86, 0.85, 0.85, 0.85, 0.86, 0.86, 0.86, 0.86, 0.86, 0.86, 0.86, 0.86
accu_train: 0.91 (n=9, n_profile=600, n_distinct=385, t=403637)
nv, 5, 7, 9, 11, 13, 15, 17, 19, 21, 23, 25, 27, 29, 31, 33
Bucklin, 0.90, 0.90, 0.89, 0.88, 0.88, 0.88, 0.88, 0.88, 0.87, 0.87, 0.87, 0.87, 0.87, 0.87, 0.87
accu_train: 0.93 (n=9, n_profile=700, n_distinct=434, t=535883)
nv, 5, 7, 9, 11, 13, 15, 17, 19, 21, 23, 25, 27, 29, 31, 33
Bucklin, 0.89, 0.89, 0.88, 0.87, 0.87, 0.86, 0.86, 0.87, 0.86, 0.86, 0.86, 0.86, 0.86, 0.86, 0.86
accu_train: 0.92 (n=9, n_profile=800, n_distinct=475, t=1269285)
nv, 5, 7, 9, 11, 13, 15, 17, 19, 21, 23, 25, 27, 29, 31, 33
Bucklin, 0.87, 0.86, 0.86, 0.85, 0.85, 0.85, 0.85, 0.85, 0.85, 0.85, 0.85, 0.85, 0.85, 0.85, 0.85
accu_train: 0.94 (n=9, n_profile=900, n_distinct=500, t=1080123)
nv, 5, 7, 9, 11, 13, 15, 17, 19, 21, 23, 25, 27, 29, 31, 33
Bucklin, 0.91, 0.89, 0.89, 0.88, 0.88, 0.88, 0.88, 0.88, 0.88, 0.87, 0.88, 0.87, 0.87, 0.87, 0.87
accu_train: 0.93 (n=9, n_profile=1000, n_distinct=539, t=1050905)
nv, 5, 7, 9, 11, 13, 15, 17, 19, 21, 23, 25, 27, 29, 31, 33
Bucklin, 0.89, 0.88, 0.88, 0.88, 0.87, 0.87, 0.87, 0.87, 0.86, 0.86, 0.86, 0.86, 0.86, 0.86, 0.86
accu_train: 0.87 (n=11, n_profile=100, n_distinct=82, t=6986)
nv, 5, 7, 9, 11, 13, 15, 17, 19, 21, 23, 25, 27, 29, 31, 33
Bucklin, 0.74, 0.75, 0.75, 0.74, 0.75, 0.75, 0.75, 0.75, 0.75, 0.75, 0.75, 0.75, 0.75, 0.75, 0.75
accu_train: 0.88 (n=11, n_profile=200, n_distinct=152, t=36410)
nv, 5, 7, 9, 11, 13, 15, 17, 19, 21, 23, 25, 27, 29, 31, 33
Bucklin, 0.80, 0.82, 0.81, 0.82, 0.82, 0.81, 0.81, 0.81, 0.81, 0.80, 0.81, 0.80, 0.81, 0.81, 0.81
accu_train: 0.92 (n=11, n_profile=300, n_distinct=234, t=85280)
nv, 5, 7, 9, 11, 13, 15, 17, 19, 21, 23, 25, 27, 29, 31, 33
Bucklin, 0.86, 0.88, 0.87, 0.86, 0.87, 0.86, 0.86, 0.86, 0.86, 0.86, 0.86, 0.86, 0.86, 0.86, 0.86
accu_train: 0.94 (n=11, n_profile=400, n_distinct=297, t=169134)
nv, 5, 7, 9, 11, 13, 15, 17, 19, 21, 23, 25, 27, 29, 31, 33
Bucklin, 0.81, 0.82, 0.83, 0.83, 0.83, 0.83, 0.83, 0.83, 0.83, 0.83, 0.83, 0.84, 0.83, 0.84, 0.83
accu_train: 0.92 (n=11, n_profile=500, n_distinct=369, t=279948)
nv, 5, 7, 9, 11, 13, 15, 17, 19, 21, 23, 25, 27, 29, 31, 33
Bucklin, 0.85, 0.85, 0.85, 0.85, 0.85, 0.85, 0.85, 0.85, 0.85, 0.85, 0.85, 0.85, 0.85, 0.85, 0.85
accu_train: 0.92 (n=11, n_profile=600, n_distinct=441, t=448049)
nv, 5, 7, 9, 11, 13, 15, 17, 19, 21, 23, 25, 27, 29, 31, 33
Bucklin, 0.82, 0.84, 0.84, 0.84, 0.85, 0.84, 0.84, 0.85, 0.85, 0.84, 0.85, 0.85, 0.85, 0.85, 0.85
accu_train: 0.90 (n=11, n_profile=700, n_distinct=463, t=552144)
nv, 5, 7, 9, 11, 13, 15, 17, 19, 21, 23, 25, 27, 29, 31, 33
Bucklin, 0.88, 0.85, 0.86, 0.85, 0.86, 0.85, 0.85, 0.85, 0.85, 0.85, 0.85, 0.85, 0.84, 0.85, 0.84
accu_train: 0.93 (n=11, n_profile=800, n_distinct=522, t=611714)
nv, 5, 7, 9, 11, 13, 15, 17, 19, 21, 23, 25, 27, 29, 31, 33
Bucklin, 0.82, 0.85, 0.84, 0.84, 0.84, 0.84, 0.84, 0.84, 0.84, 0.84, 0.84, 0.84, 0.84, 0.84, 0.84
accu_train: 0.93 (n=11, n_profile=900, n_distinct=575, t=868824)
nv, 5, 7, 9, 11, 13, 15, 17, 19, 21, 23, 25, 27, 29, 31, 33
Bucklin, 0.91, 0.88, 0.87, 0.87, 0.87, 0.87, 0.87, 0.87, 0.87, 0.86, 0.87, 0.87, 0.86, 0.86, 0.86
accu_train: 0.93 (n=11, n_profile=1000, n_distinct=641, t=1099996)
nv, 5, 7, 9, 11, 13, 15, 17, 19, 21, 23, 25, 27, 29, 31, 33
Bucklin, 0.91, 0.90, 0.90, 0.90, 0.89, 0.89, 0.89, 0.89, 0.89, 0.88, 0.89, 0.88, 0.88, 0.88, 0.88
accu_train: 0.89 (n=13, n_profile=100, n_distinct=84, t=5379)
nv, 5, 7, 9, 11, 13, 15, 17, 19, 21, 23, 25, 27, 29, 31, 33
Bucklin, 0.70, 0.72, 0.73, 0.73, 0.73, 0.73, 0.73, 0.74, 0.74, 0.74, 0.74, 0.74, 0.74, 0.74, 0.74
accu_train: 0.93 (n=13, n_profile=200, n_distinct=157, t=25352)
nv, 5, 7, 9, 11, 13, 15, 17, 19, 21, 23, 25, 27, 29, 31, 33
Bucklin, 0.81, 0.81, 0.81, 0.81, 0.82, 0.81, 0.81, 0.82, 0.81, 0.81, 0.82, 0.81, 0.81, 0.81, 0.81
accu_train: 0.94 (n=13, n_profile=300, n_distinct=234, t=59563)
nv, 5, 7, 9, 11, 13, 15, 17, 19, 21, 23, 25, 27, 29, 31, 33
Bucklin, 0.82, 0.83, 0.83, 0.83, 0.83, 0.83, 0.83, 0.84, 0.84, 0.83, 0.84, 0.84, 0.84, 0.84, 0.84
accu_train: 0.92 (n=13, n_profile=400, n_distinct=300, t=138245)
nv, 5, 7, 9, 11, 13, 15, 17, 19, 21, 23, 25, 27, 29, 31, 33
Bucklin, 0.86, 0.86, 0.86, 0.86, 0.86, 0.86, 0.86, 0.86, 0.85, 0.85, 0.85, 0.85, 0.85, 0.85, 0.85
accu_train: 0.94 (n=13, n_profile=500, n_distinct=360, t=285469)
nv, 5, 7, 9, 11, 13, 15, 17, 19, 21, 23, 25, 27, 29, 31, 33
Bucklin, 0.86, 0.85, 0.85, 0.85, 0.85, 0.85, 0.85, 0.85, 0.85, 0.84, 0.85, 0.84, 0.84, 0.84, 0.84
accu_train: 0.92 (n=13, n_profile=600, n_distinct=426, t=372589)
nv, 5, 7, 9, 11, 13, 15, 17, 19, 21, 23, 25, 27, 29, 31, 33
Bucklin, 0.92, 0.88, 0.87, 0.87, 0.88, 0.87, 0.87, 0.87, 0.87, 0.87, 0.87, 0.87, 0.87, 0.87, 0.86
accu_train: 0.93 (n=13, n_profile=700, n_distinct=482, t=491886)
nv, 5, 7, 9, 11, 13, 15, 17, 19, 21, 23, 25, 27, 29, 31, 33
Bucklin, 0.85, 0.86, 0.86, 0.86, 0.86, 0.86, 0.86, 0.86, 0.86, 0.86, 0.86, 0.86, 0.86, 0.86, 0.86
accu_train: 0.93 (n=13, n_profile=800, n_distinct=562, t=611747)
nv, 5, 7, 9, 11, 13, 15, 17, 19, 21, 23, 25, 27, 29, 31, 33
Bucklin, 0.83, 0.83, 0.83, 0.84, 0.83, 0.84, 0.83, 0.83, 0.83, 0.83, 0.83, 0.83, 0.83, 0.83, 0.83
accu_train: 0.94 (n=13, n_profile=900, n_distinct=597, t=786097)
nv, 5, 7, 9, 11, 13, 15, 17, 19, 21, 23, 25, 27, 29, 31, 33
Bucklin, 0.88, 0.88, 0.88, 0.88, 0.88, 0.88, 0.87, 0.88, 0.88, 0.87, 0.88, 0.87, 0.87, 0.88, 0.87
accu_train: 0.93 (n=13, n_profile=1000, n_distinct=658, t=1001389)
nv, 5, 7, 9, 11, 13, 15, 17, 19, 21, 23, 25, 27, 29, 31, 33
Bucklin, 0.83, 0.84, 0.85, 0.84, 0.85, 0.85, 0.85, 0.85, 0.85, 0.85, 0.85, 0.85, 0.85, 0.85, 0.85
accu_train: 0.95 (n=15, n_profile=100, n_distinct=84, t=5380)
nv, 5, 7, 9, 11, 13, 15, 17, 19, 21, 23, 25, 27, 29, 31, 33
Bucklin, 0.71, 0.72, 0.73, 0.74, 0.74, 0.74, 0.74, 0.75, 0.75, 0.75, 0.75, 0.75, 0.75, 0.75, 0.75
accu_train: 0.95 (n=15, n_profile=200, n_distinct=169, t=23668)
nv, 5, 7, 9, 11, 13, 15, 17, 19, 21, 23, 25, 27, 29, 31, 33
Bucklin, 0.80, 0.80, 0.80, 0.80, 0.81, 0.81, 0.81, 0.81, 0.81, 0.81, 0.81, 0.81, 0.81, 0.81, 0.81
accu_train: 0.91 (n=15, n_profile=300, n_distinct=250, t=74399)
nv, 5, 7, 9, 11, 13, 15, 17, 19, 21, 23, 25, 27, 29, 31, 33
Bucklin, 0.80, 0.79, 0.80, 0.81, 0.81, 0.81, 0.81, 0.81, 0.81, 0.81, 0.81, 0.81, 0.81, 0.82, 0.81
accu_train: 0.92 (n=15, n_profile=400, n_distinct=321, t=151000)
nv, 5, 7, 9, 11, 13, 15, 17, 19, 21, 23, 25, 27, 29, 31, 33
Bucklin, 0.77, 0.78, 0.78, 0.79, 0.80, 0.80, 0.80, 0.80, 0.81, 0.81, 0.81, 0.81, 0.81, 0.81, 0.81
accu_train: 0.92 (n=15, n_profile=500, n_distinct=405, t=251024)
nv, 5, 7, 9, 11, 13, 15, 17, 19, 21, 23, 25, 27, 29, 31, 33
Bucklin, 0.77, 0.77, 0.78, 0.78, 0.79, 0.79, 0.79, 0.79, 0.79, 0.79, 0.79, 0.79, 0.79, 0.79, 0.79
accu_train: 0.95 (n=15, n_profile=600, n_distinct=467, t=311860)
nv, 5, 7, 9, 11, 13, 15, 17, 19, 21, 23, 25, 27, 29, 31, 33
Bucklin, 0.81, 0.80, 0.81, 0.82, 0.82, 0.82, 0.82, 0.83, 0.83, 0.82, 0.83, 0.83, 0.83, 0.83, 0.83
accu_train: 0.93 (n=15, n_profile=700, n_distinct=536, t=509855)
nv, 5, 7, 9, 11, 13, 15, 17, 19, 21, 23, 25, 27, 29, 31, 33
Bucklin, 0.77, 0.79, 0.80, 0.80, 0.81, 0.81, 0.81, 0.82, 0.81, 0.81, 0.82, 0.82, 0.82, 0.82, 0.82
accu_train: 0.94 (n=15, n_profile=800, n_distinct=618, t=686554)
nv, 5, 7, 9, 11, 13, 15, 17, 19, 21, 23, 25, 27, 29, 31, 33
Bucklin, 0.85, 0.85, 0.86, 0.86, 0.86, 0.86, 0.86, 0.86, 0.86, 0.86, 0.86, 0.86, 0.86, 0.86, 0.86
accu_train: 0.91 (n=15, n_profile=900, n_distinct=684, t=898941)
nv, 5, 7, 9, 11, 13, 15, 17, 19, 21, 23, 25, 27, 29, 31, 33
Bucklin, 0.80, 0.80, 0.81, 0.82, 0.82, 0.82, 0.83, 0.83, 0.83, 0.83, 0.83, 0.83, 0.83, 0.83, 0.83
accu_train: 0.96 (n=15, n_profile=1000, n_distinct=731, t=1104838)
nv, 5, 7, 9, 11, 13, 15, 17, 19, 21, 23, 25, 27, 29, 31, 33
Bucklin, 0.79, 0.79, 0.80, 0.80, 0.81, 0.81, 0.81, 0.82, 0.82, 0.82, 0.82, 0.82, 0.82, 0.82, 0.82
