accu_train: 0.93 (n=5, n_profile=100, n_distinct=71, t=5354)
nv, 5, 7, 9, 11, 13, 15, 17, 19, 21, 23, 25, 27, 29, 31, 33
Coombs-SE, 0.89, 0.88, 0.88, 0.87, 0.87, 0.86, 0.86, 0.86, 0.86, 0.86, 0.86, 0.86, 0.86, 0.86, 0.86
accu_train: 0.98 (n=5, n_profile=200, n_distinct=128, t=24976)
nv, 5, 7, 9, 11, 13, 15, 17, 19, 21, 23, 25, 27, 29, 31, 33
Coombs-SE, 0.96, 0.92, 0.92, 0.91, 0.91, 0.91, 0.91, 0.91, 0.90, 0.90, 0.90, 0.90, 0.90, 0.90, 0.90
accu_train: 0.92 (n=7, n_profile=100, n_distinct=90, t=5340)
nv, 5, 7, 9, 11, 13, 15, 17, 19, 21, 23, 25, 27, 29, 31, 33
Coombs-SE, 0.83, 0.81, 0.80, 0.80, 0.81, 0.81, 0.80, 0.81, 0.81, 0.80, 0.80, 0.80, 0.80, 0.80, 0.80
accu_train: 0.89 (n=7, n_profile=200, n_distinct=161, t=25704)
nv, 5, 7, 9, 11, 13, 15, 17, 19, 21, 23, 25, 27, 29, 31, 33
Coombs-SE, 0.89, 0.88, 0.88, 0.88, 0.87, 0.87, 0.87, 0.87, 0.87, 0.87, 0.87, 0.87, 0.87, 0.87, 0.87
accu_train: 0.93 (n=7, n_profile=300, n_distinct=217, t=65750)
nv, 5, 7, 9, 11, 13, 15, 17, 19, 21, 23, 25, 27, 29, 31, 33
Coombs-SE, 0.95, 0.92, 0.91, 0.91, 0.91, 0.90, 0.90, 0.90, 0.90, 0.90, 0.90, 0.90, 0.90, 0.90, 0.90
accu_train: 0.95 (n=7, n_profile=400, n_distinct=268, t=110696)
nv, 5, 7, 9, 11, 13, 15, 17, 19, 21, 23, 25, 27, 29, 31, 33
Coombs-SE, 0.95, 0.94, 0.92, 0.92, 0.92, 0.92, 0.92, 0.92, 0.92, 0.92, 0.92, 0.91, 0.91, 0.91, 0.91
accu_train: 0.95 (n=7, n_profile=500, n_distinct=314, t=249187)
nv, 5, 7, 9, 11, 13, 15, 17, 19, 21, 23, 25, 27, 29, 31, 33
Coombs-SE, 0.94, 0.94, 0.93, 0.92, 0.91, 0.91, 0.91, 0.90, 0.91, 0.91, 0.90, 0.90, 0.90, 0.90, 0.90
accu_train: 0.93 (n=7, n_profile=600, n_distinct=322, t=1069598)
nv, 5, 7, 9, 11, 13, 15, 17, 19, 21, 23, 25, 27, 29, 31, 33
Coombs-SE, 0.94, 0.92, 0.91, 0.91, 0.91, 0.90, 0.90, 0.90, 0.90, 0.90, 0.90, 0.90, 0.90, 0.90, 0.90
accu_train: 0.97 (n=7, n_profile=700, n_distinct=346, t=376479)
nv, 5, 7, 9, 11, 13, 15, 17, 19, 21, 23, 25, 27, 29, 31, 33
Coombs-SE, 0.98, 0.98, 0.97, 0.96, 0.96, 0.95, 0.95, 0.95, 0.95, 0.95, 0.95, 0.95, 0.94, 0.94, 0.94
accu_train: 0.92 (n=9, n_profile=100, n_distinct=95, t=5935)
nv, 5, 7, 9, 11, 13, 15, 17, 19, 21, 23, 25, 27, 29, 31, 33
Coombs-SE, 0.81, 0.80, 0.81, 0.81, 0.81, 0.81, 0.81, 0.80, 0.80, 0.81, 0.80, 0.80, 0.80, 0.80, 0.80
accu_train: 0.93 (n=9, n_profile=200, n_distinct=177, t=27857)
nv, 5, 7, 9, 11, 13, 15, 17, 19, 21, 23, 25, 27, 29, 31, 33
Coombs-SE, 0.95, 0.94, 0.92, 0.90, 0.90, 0.90, 0.91, 0.91, 0.91, 0.91, 0.91, 0.90, 0.89, 0.90, 0.90
accu_train: 0.91 (n=9, n_profile=300, n_distinct=252, t=88082)
nv, 5, 7, 9, 11, 13, 15, 17, 19, 21, 23, 25, 27, 29, 31, 33
Coombs-SE, 0.90, 0.90, 0.89, 0.89, 0.88, 0.88, 0.88, 0.88, 0.88, 0.88, 0.88, 0.88, 0.88, 0.88, 0.88
accu_train: 0.89 (n=9, n_profile=400, n_distinct=302, t=161078)
nv, 5, 7, 9, 11, 13, 15, 17, 19, 21, 23, 25, 27, 29, 31, 33
Coombs-SE, 0.92, 0.90, 0.89, 0.88, 0.88, 0.88, 0.88, 0.88, 0.88, 0.87, 0.87, 0.87, 0.87, 0.87, 0.87
accu_train: 0.93 (n=9, n_profile=500, n_distinct=367, t=243799)
nv, 5, 7, 9, 11, 13, 15, 17, 19, 21, 23, 25, 27, 29, 31, 33
Coombs-SE, 0.94, 0.93, 0.92, 0.90, 0.90, 0.89, 0.89, 0.90, 0.89, 0.90, 0.90, 0.90, 0.89, 0.89, 0.89
accu_train: 0.93 (n=9, n_profile=600, n_distinct=413, t=500308)
nv, 5, 7, 9, 11, 13, 15, 17, 19, 21, 23, 25, 27, 29, 31, 33
Coombs-SE, 0.94, 0.93, 0.92, 0.92, 0.91, 0.91, 0.91, 0.91, 0.91, 0.90, 0.90, 0.90, 0.90, 0.90, 0.90
accu_train: 0.93 (n=9, n_profile=700, n_distinct=470, t=447572)
nv, 5, 7, 9, 11, 13, 15, 17, 19, 21, 23, 25, 27, 29, 31, 33
Coombs-SE, 0.94, 0.94, 0.94, 0.94, 0.94, 0.93, 0.93, 0.93, 0.93, 0.93, 0.93, 0.93, 0.92, 0.93, 0.92
accu_train: 0.94 (n=9, n_profile=800, n_distinct=505, t=733198)
nv, 5, 7, 9, 11, 13, 15, 17, 19, 21, 23, 25, 27, 29, 31, 33
Coombs-SE, 0.94, 0.94, 0.93, 0.92, 0.92, 0.92, 0.91, 0.91, 0.91, 0.91, 0.91, 0.91, 0.90, 0.91, 0.90
accu_train: 0.93 (n=9, n_profile=900, n_distinct=549, t=1002697)
nv, 5, 7, 9, 11, 13, 15, 17, 19, 21, 23, 25, 27, 29, 31, 33
Coombs-SE, 0.95, 0.94, 0.92, 0.92, 0.91, 0.91, 0.91, 0.91, 0.91, 0.91, 0.90, 0.90, 0.90, 0.90, 0.90
accu_train: 0.93 (n=9, n_profile=1000, n_distinct=589, t=1250612)
nv, 5, 7, 9, 11, 13, 15, 17, 19, 21, 23, 25, 27, 29, 31, 33
Coombs-SE, 0.92, 0.92, 0.93, 0.92, 0.92, 0.91, 0.91, 0.91, 0.91, 0.90, 0.90, 0.91, 0.91, 0.91, 0.90
accu_train: 0.95 (n=11, n_profile=100, n_distinct=96, t=4481)
nv, 5, 7, 9, 11, 13, 15, 17, 19, 21, 23, 25, 27, 29, 31, 33
Coombs-SE, 0.93, 0.92, 0.92, 0.91, 0.91, 0.91, 0.92, 0.91, 0.91, 0.91, 0.91, 0.91, 0.91, 0.91, 0.91
accu_train: 0.88 (n=11, n_profile=200, n_distinct=186, t=37469)
nv, 5, 7, 9, 11, 13, 15, 17, 19, 21, 23, 25, 27, 29, 31, 33
Coombs-SE, 0.92, 0.91, 0.90, 0.89, 0.88, 0.88, 0.88, 0.88, 0.88, 0.87, 0.87, 0.87, 0.87, 0.87, 0.87
accu_train: 0.88 (n=11, n_profile=300, n_distinct=266, t=84768)
nv, 5, 7, 9, 11, 13, 15, 17, 19, 21, 23, 25, 27, 29, 31, 33
Coombs-SE, 0.89, 0.89, 0.87, 0.87, 0.87, 0.87, 0.87, 0.87, 0.87, 0.87, 0.87, 0.87, 0.87, 0.87, 0.87
accu_train: 0.92 (n=11, n_profile=400, n_distinct=340, t=157885)
nv, 5, 7, 9, 11, 13, 15, 17, 19, 21, 23, 25, 27, 29, 31, 33
Coombs-SE, 0.95, 0.93, 0.92, 0.91, 0.91, 0.90, 0.90, 0.90, 0.90, 0.90, 0.90, 0.90, 0.89, 0.89, 0.89
accu_train: 0.93 (n=11, n_profile=500, n_distinct=393, t=349488)
nv, 5, 7, 9, 11, 13, 15, 17, 19, 21, 23, 25, 27, 29, 31, 33
Coombs-SE, 0.89, 0.87, 0.88, 0.87, 0.86, 0.86, 0.86, 0.86, 0.86, 0.86, 0.86, 0.86, 0.86, 0.86, 0.86
accu_train: 0.92 (n=11, n_profile=600, n_distinct=476, t=448580)
nv, 5, 7, 9, 11, 13, 15, 17, 19, 21, 23, 25, 27, 29, 31, 33
Coombs-SE, 0.95, 0.93, 0.92, 0.91, 0.91, 0.91, 0.91, 0.91, 0.91, 0.90, 0.90, 0.90, 0.90, 0.90, 0.90
accu_train: 0.94 (n=11, n_profile=700, n_distinct=539, t=466183)
nv, 5, 7, 9, 11, 13, 15, 17, 19, 21, 23, 25, 27, 29, 31, 33
Coombs-SE, 0.93, 0.92, 0.91, 0.91, 0.91, 0.91, 0.91, 0.91, 0.91, 0.90, 0.90, 0.90, 0.90, 0.90, 0.90
accu_train: 0.93 (n=11, n_profile=800, n_distinct=598, t=640501)
nv, 5, 7, 9, 11, 13, 15, 17, 19, 21, 23, 25, 27, 29, 31, 33
Coombs-SE, 0.95, 0.94, 0.92, 0.92, 0.91, 0.91, 0.91, 0.91, 0.91, 0.91, 0.91, 0.91, 0.91, 0.91, 0.91
accu_train: 0.95 (n=11, n_profile=900, n_distinct=648, t=835230)
nv, 5, 7, 9, 11, 13, 15, 17, 19, 21, 23, 25, 27, 29, 31, 33
Coombs-SE, 0.96, 0.94, 0.93, 0.92, 0.92, 0.91, 0.91, 0.91, 0.91, 0.91, 0.91, 0.91, 0.91, 0.91, 0.91
accu_train: 0.91 (n=11, n_profile=1000, n_distinct=688, t=1517596)
nv, 5, 7, 9, 11, 13, 15, 17, 19, 21, 23, 25, 27, 29, 31, 33
Coombs-SE, 0.95, 0.93, 0.91, 0.91, 0.90, 0.90, 0.90, 0.90, 0.90, 0.90, 0.90, 0.90, 0.90, 0.90, 0.90
accu_train: 0.94 (n=13, n_profile=100, n_distinct=98, t=5295)
nv, 5, 7, 9, 11, 13, 15, 17, 19, 21, 23, 25, 27, 29, 31, 33
Coombs-SE, 0.85, 0.84, 0.83, 0.83, 0.83, 0.83, 0.83, 0.83, 0.83, 0.83, 0.83, 0.83, 0.83, 0.83, 0.83
accu_train: 0.86 (n=13, n_profile=200, n_distinct=195, t=30031)
nv, 5, 7, 9, 11, 13, 15, 17, 19, 21, 23, 25, 27, 29, 31, 33
Coombs-SE, 0.92, 0.89, 0.88, 0.88, 0.87, 0.87, 0.86, 0.86, 0.86, 0.86, 0.86, 0.86, 0.86, 0.86, 0.86
accu_train: 0.89 (n=13, n_profile=300, n_distinct=274, t=79225)
nv, 5, 7, 9, 11, 13, 15, 17, 19, 21, 23, 25, 27, 29, 31, 33
Coombs-SE, 0.92, 0.93, 0.91, 0.90, 0.90, 0.90, 0.90, 0.90, 0.90, 0.90, 0.90, 0.89, 0.89, 0.89, 0.89
accu_train: 0.92 (n=13, n_profile=400, n_distinct=344, t=155904)
nv, 5, 7, 9, 11, 13, 15, 17, 19, 21, 23, 25, 27, 29, 31, 33
Coombs-SE, 0.91, 0.89, 0.89, 0.89, 0.88, 0.88, 0.88, 0.88, 0.88, 0.88, 0.88, 0.88, 0.88, 0.88, 0.88
accu_train: 0.89 (n=13, n_profile=500, n_distinct=449, t=281112)
nv, 5, 7, 9, 11, 13, 15, 17, 19, 21, 23, 25, 27, 29, 31, 33
Coombs-SE, 0.88, 0.86, 0.86, 0.86, 0.86, 0.86, 0.86, 0.85, 0.85, 0.85, 0.85, 0.85, 0.85, 0.85, 0.85
accu_train: 0.92 (n=13, n_profile=600, n_distinct=507, t=538844)
nv, 5, 7, 9, 11, 13, 15, 17, 19, 21, 23, 25, 27, 29, 31, 33
Coombs-SE, 0.92, 0.90, 0.89, 0.89, 0.89, 0.89, 0.88, 0.88, 0.88, 0.88, 0.88, 0.88, 0.88, 0.88, 0.88
accu_train: 0.92 (n=13, n_profile=700, n_distinct=583, t=554468)
nv, 5, 7, 9, 11, 13, 15, 17, 19, 21, 23, 25, 27, 29, 31, 33
Coombs-SE, 0.88, 0.89, 0.87, 0.87, 0.87, 0.87, 0.86, 0.87, 0.87, 0.86, 0.86, 0.87, 0.86, 0.86, 0.86
accu_train: 0.91 (n=13, n_profile=800, n_distinct=662, t=784820)
nv, 5, 7, 9, 11, 13, 15, 17, 19, 21, 23, 25, 27, 29, 31, 33
Coombs-SE, 0.92, 0.91, 0.90, 0.89, 0.89, 0.88, 0.88, 0.88, 0.88, 0.88, 0.88, 0.88, 0.88, 0.88, 0.88
accu_train: 0.92 (n=13, n_profile=900, n_distinct=731, t=910985)
nv, 5, 7, 9, 11, 13, 15, 17, 19, 21, 23, 25, 27, 29, 31, 33
Coombs-SE, 0.94, 0.93, 0.93, 0.93, 0.92, 0.92, 0.91, 0.91, 0.91, 0.91, 0.91, 0.91, 0.91, 0.91, 0.91
accu_train: 0.92 (n=13, n_profile=1000, n_distinct=803, t=1255587)
nv, 5, 7, 9, 11, 13, 15, 17, 19, 21, 23, 25, 27, 29, 31, 33
Coombs-SE, 0.92, 0.92, 0.91, 0.90, 0.90, 0.90, 0.90, 0.90, 0.89, 0.89, 0.89, 0.89, 0.89, 0.89, 0.89
accu_train: 0.86 (n=15, n_profile=100, n_distinct=99, t=6559)
nv, 5, 7, 9, 11, 13, 15, 17, 19, 21, 23, 25, 27, 29, 31, 33
Coombs-SE, 0.84, 0.81, 0.80, 0.81, 0.80, 0.80, 0.80, 0.80, 0.80, 0.80, 0.80, 0.80, 0.80, 0.79, 0.80
accu_train: 0.89 (n=15, n_profile=200, n_distinct=189, t=29032)
nv, 5, 7, 9, 11, 13, 15, 17, 19, 21, 23, 25, 27, 29, 31, 33
Coombs-SE, 0.85, 0.85, 0.84, 0.84, 0.84, 0.84, 0.84, 0.84, 0.84, 0.84, 0.84, 0.84, 0.84, 0.84, 0.84
accu_train: 0.87 (n=15, n_profile=300, n_distinct=279, t=82115)
nv, 5, 7, 9, 11, 13, 15, 17, 19, 21, 23, 25, 27, 29, 31, 33
Coombs-SE, 0.92, 0.90, 0.88, 0.88, 0.88, 0.88, 0.88, 0.87, 0.88, 0.87, 0.87, 0.87, 0.87, 0.87, 0.87
accu_train: 0.90 (n=15, n_profile=400, n_distinct=372, t=160677)
nv, 5, 7, 9, 11, 13, 15, 17, 19, 21, 23, 25, 27, 29, 31, 33
Coombs-SE, 0.88, 0.88, 0.88, 0.88, 0.87, 0.87, 0.87, 0.87, 0.87, 0.87, 0.87, 0.87, 0.87, 0.87, 0.87
accu_train: 0.91 (n=15, n_profile=500, n_distinct=446, t=248960)
nv, 5, 7, 9, 11, 13, 15, 17, 19, 21, 23, 25, 27, 29, 31, 33
Coombs-SE, 0.91, 0.91, 0.90, 0.90, 0.90, 0.90, 0.90, 0.90, 0.89, 0.89, 0.89, 0.89, 0.89, 0.89, 0.89
accu_train: 0.90 (n=15, n_profile=600, n_distinct=526, t=424296)
nv, 5, 7, 9, 11, 13, 15, 17, 19, 21, 23, 25, 27, 29, 31, 33
Coombs-SE, 0.91, 0.91, 0.90, 0.90, 0.90, 0.89, 0.86, 0.87, 0.87, 0.87, 0.87, 0.88, 0.88, 0.88, 0.88
accu_train: 0.85 (n=15, n_profile=700, n_distinct=620, t=814004)
nv, 5, 7, 9, 11, 13, 15, 17, 19, 21, 23, 25, 27, 29, 31, 33
Coombs-SE, 0.91, 0.88, 0.87, 0.87, 0.87, 0.87, 0.87, 0.87, 0.87, 0.87, 0.87, 0.87, 0.87, 0.87, 0.86
accu_train: 0.91 (n=15, n_profile=800, n_distinct=690, t=1206714)
nv, 5, 7, 9, 11, 13, 15, 17, 19, 21, 23, 25, 27, 29, 31, 33
Coombs-SE, 0.90, 0.91, 0.90, 0.89, 0.89, 0.89, 0.89, 0.89, 0.89, 0.89, 0.89, 0.89, 0.88, 0.88, 0.88
accu_train: 0.91 (n=15, n_profile=900, n_distinct=756, t=957328)
nv, 5, 7, 9, 11, 13, 15, 17, 19, 21, 23, 25, 27, 29, 31, 33
Coombs-SE, 0.94, 0.92, 0.92, 0.92, 0.91, 0.91, 0.91, 0.91, 0.91, 0.91, 0.91, 0.91, 0.91, 0.91, 0.91
accu_train: 0.91 (n=15, n_profile=1000, n_distinct=807, t=1158718)
nv, 5, 7, 9, 11, 13, 15, 17, 19, 21, 23, 25, 27, 29, 31, 33
Coombs-SE, 0.92, 0.90, 0.90, 0.89, 0.89, 0.89, 0.89, 0.89, 0.89, 0.89, 0.89, 0.89, 0.89, 0.89, 0.89
