accu_train: 0.99 (n=5, n_profile=100, n_distinct=66, t=4869)
nv, 5, 7, 9, 11, 13, 15, 17, 19, 21, 23, 25, 27, 29, 31, 33
Borda, 0.93, 0.91, 0.89, 0.87, 0.86, 0.86, 0.86, 0.85, 0.86, 0.85, 0.85, 0.85, 0.84, 0.84, 0.84
accu_train: 0.95 (n=5, n_profile=200, n_distinct=106, t=15564)
nv, 5, 7, 9, 11, 13, 15, 17, 19, 21, 23, 25, 27, 29, 31, 33
Borda, 0.94, 0.91, 0.91, 0.91, 0.90, 0.90, 0.89, 0.89, 0.89, 0.89, 0.89, 0.89, 0.89, 0.89, 0.89
accu_train: 0.93 (n=7, n_profile=100, n_distinct=74, t=4437)
nv, 5, 7, 9, 11, 13, 15, 17, 19, 21, 23, 25, 27, 29, 31, 33
Borda, 0.89, 0.86, 0.85, 0.85, 0.85, 0.85, 0.84, 0.84, 0.84, 0.84, 0.84, 0.84, 0.84, 0.84, 0.84
accu_train: 0.98 (n=7, n_profile=200, n_distinct=136, t=16815)
nv, 5, 7, 9, 11, 13, 15, 17, 19, 21, 23, 25, 27, 29, 31, 33
Borda, 0.97, 0.95, 0.93, 0.93, 0.93, 0.92, 0.92, 0.92, 0.92, 0.91, 0.91, 0.91, 0.91, 0.91, 0.91
accu_train: 0.97 (n=7, n_profile=300, n_distinct=171, t=42228)
nv, 5, 7, 9, 11, 13, 15, 17, 19, 21, 23, 25, 27, 29, 31, 33
Borda, 0.99, 0.97, 0.96, 0.95, 0.95, 0.94, 0.94, 0.94, 0.94, 0.94, 0.93, 0.93, 0.93, 0.93, 0.93
accu_train: 1.00 (n=7, n_profile=400, n_distinct=224, t=55326)
nv, 5, 7, 9, 11, 13, 15, 17, 19, 21, 23, 25, 27, 29, 31, 33
Borda, 1.00, 0.99, 0.99, 0.98, 0.98, 0.98, 0.98, 0.97, 0.97, 0.97, 0.97, 0.97, 0.97, 0.97, 0.97
accu_train: 0.99 (n=7, n_profile=500, n_distinct=260, t=135222)
nv, 5, 7, 9, 11, 13, 15, 17, 19, 21, 23, 25, 27, 29, 31, 33
Borda, 0.97, 0.96, 0.95, 0.94, 0.94, 0.94, 0.93, 0.93, 0.93, 0.93, 0.93, 0.92, 0.92, 0.92, 0.92
accu_train: 0.98 (n=7, n_profile=600, n_distinct=278, t=200734)
nv, 5, 7, 9, 11, 13, 15, 17, 19, 21, 23, 25, 27, 29, 31, 33
Borda, 0.97, 0.98, 0.96, 0.95, 0.94, 0.94, 0.94, 0.94, 0.94, 0.93, 0.93, 0.93, 0.93, 0.93, 0.93
accu_train: 0.97 (n=7, n_profile=700, n_distinct=303, t=292060)
nv, 5, 7, 9, 11, 13, 15, 17, 19, 21, 23, 25, 27, 29, 31, 33
Borda, 0.99, 0.97, 0.96, 0.95, 0.94, 0.94, 0.94, 0.93, 0.93, 0.93, 0.93, 0.93, 0.92, 0.92, 0.92
accu_train: 0.96 (n=9, n_profile=100, n_distinct=83, t=4346)
nv, 5, 7, 9, 11, 13, 15, 17, 19, 21, 23, 25, 27, 29, 31, 33
Borda, 0.93, 0.93, 0.92, 0.92, 0.91, 0.91, 0.90, 0.90, 0.90, 0.90, 0.90, 0.89, 0.89, 0.89, 0.89
accu_train: 0.96 (n=9, n_profile=200, n_distinct=150, t=20228)
nv, 5, 7, 9, 11, 13, 15, 17, 19, 21, 23, 25, 27, 29, 31, 33
Borda, 0.95, 0.95, 0.95, 0.94, 0.94, 0.94, 0.93, 0.93, 0.93, 0.93, 0.93, 0.93, 0.93, 0.93, 0.93
accu_train: 0.96 (n=9, n_profile=300, n_distinct=205, t=55202)
nv, 5, 7, 9, 11, 13, 15, 17, 19, 21, 23, 25, 27, 29, 31, 33
Borda, 0.94, 0.93, 0.94, 0.94, 0.93, 0.92, 0.92, 0.92, 0.92, 0.92, 0.92, 0.92, 0.92, 0.92, 0.91
accu_train: 0.96 (n=9, n_profile=400, n_distinct=280, t=98843)
nv, 5, 7, 9, 11, 13, 15, 17, 19, 21, 23, 25, 27, 29, 31, 33
Borda, 0.92, 0.92, 0.92, 0.92, 0.92, 0.92, 0.92, 0.92, 0.92, 0.92, 0.92, 0.91, 0.91, 0.91, 0.91
accu_train: 1.00 (n=9, n_profile=500, n_distinct=338, t=203578)
nv, 5, 7, 9, 11, 13, 15, 17, 19, 21, 23, 25, 27, 29, 31, 33
Borda, 1.00, 0.99, 0.99, 0.99, 0.99, 0.98, 0.98, 0.98, 0.98, 0.98, 0.98, 0.98, 0.98, 0.98, 0.97
accu_train: 0.98 (n=9, n_profile=600, n_distinct=359, t=390479)
nv, 5, 7, 9, 11, 13, 15, 17, 19, 21, 23, 25, 27, 29, 31, 33
Borda, 0.99, 0.97, 0.96, 0.96, 0.95, 0.95, 0.95, 0.95, 0.94, 0.95, 0.94, 0.94, 0.94, 0.94, 0.94
accu_train: 0.97 (n=9, n_profile=700, n_distinct=411, t=411695)
nv, 5, 7, 9, 11, 13, 15, 17, 19, 21, 23, 25, 27, 29, 31, 33
Borda, 0.98, 0.97, 0.96, 0.96, 0.96, 0.95, 0.95, 0.95, 0.95, 0.95, 0.94, 0.94, 0.94, 0.94, 0.94
accu_train: 1.00 (n=9, n_profile=800, n_distinct=454, t=269082)
nv, 5, 7, 9, 11, 13, 15, 17, 19, 21, 23, 25, 27, 29, 31, 33
Borda, 1.00, 1.00, 1.00, 1.00, 1.00, 1.00, 0.99, 0.99, 0.99, 0.99, 0.99, 0.99, 0.99, 0.99, 0.99
accu_train: 0.97 (n=9, n_profile=900, n_distinct=488, t=678190)
nv, 5, 7, 9, 11, 13, 15, 17, 19, 21, 23, 25, 27, 29, 31, 33
Borda, 0.98, 0.97, 0.97, 0.97, 0.96, 0.96, 0.96, 0.96, 0.96, 0.96, 0.96, 0.96, 0.96, 0.96, 0.95
accu_train: 1.00 (n=9, n_profile=1000, n_distinct=534, t=465071)
nv, 5, 7, 9, 11, 13, 15, 17, 19, 21, 23, 25, 27, 29, 31, 33
Borda, 1.00, 1.00, 0.99, 0.99, 0.99, 0.99, 0.99, 0.99, 0.99, 0.98, 0.98, 0.98, 0.98, 0.98, 0.98
accu_train: 0.96 (n=11, n_profile=100, n_distinct=84, t=5375)
nv, 5, 7, 9, 11, 13, 15, 17, 19, 21, 23, 25, 27, 29, 31, 33
Borda, 0.94, 0.92, 0.91, 0.91, 0.91, 0.91, 0.91, 0.90, 0.90, 0.90, 0.90, 0.90, 0.90, 0.90, 0.90
accu_train: 0.98 (n=11, n_profile=200, n_distinct=163, t=22724)
nv, 5, 7, 9, 11, 13, 15, 17, 19, 21, 23, 25, 27, 29, 31, 33
Borda, 0.98, 0.95, 0.95, 0.94, 0.94, 0.94, 0.94, 0.93, 0.93, 0.93, 0.93, 0.93, 0.93, 0.93, 0.93
accu_train: 0.94 (n=11, n_profile=300, n_distinct=229, t=72490)
nv, 5, 7, 9, 11, 13, 15, 17, 19, 21, 23, 25, 27, 29, 31, 33
Borda, 0.95, 0.93, 0.92, 0.92, 0.91, 0.91, 0.91, 0.91, 0.91, 0.91, 0.90, 0.90, 0.90, 0.90, 0.90
accu_train: 0.99 (n=11, n_profile=400, n_distinct=300, t=96799)
nv, 5, 7, 9, 11, 13, 15, 17, 19, 21, 23, 25, 27, 29, 31, 33
Borda, 0.99, 0.98, 0.98, 0.97, 0.97, 0.97, 0.97, 0.96, 0.96, 0.96, 0.96, 0.96, 0.96, 0.96, 0.96
accu_train: 0.95 (n=11, n_profile=500, n_distinct=362, t=180101)
nv, 5, 7, 9, 11, 13, 15, 17, 19, 21, 23, 25, 27, 29, 31, 33
Borda, 0.95, 0.96, 0.95, 0.94, 0.94, 0.94, 0.93, 0.93, 0.93, 0.93, 0.93, 0.93, 0.92, 0.93, 0.92
accu_train: 0.98 (n=11, n_profile=600, n_distinct=424, t=284554)
nv, 5, 7, 9, 11, 13, 15, 17, 19, 21, 23, 25, 27, 29, 31, 33
Borda, 0.99, 0.98, 0.98, 0.98, 0.97, 0.97, 0.97, 0.97, 0.97, 0.97, 0.96, 0.96, 0.96, 0.96, 0.96
accu_train: 1.00 (n=11, n_profile=700, n_distinct=479, t=565338)
nv, 5, 7, 9, 11, 13, 15, 17, 19, 21, 23, 25, 27, 29, 31, 33
Borda, 1.00, 1.00, 1.00, 1.00, 1.00, 1.00, 0.99, 0.99, 0.99, 0.99, 0.99, 0.99, 0.99, 0.99, 0.99
accu_train: 1.00 (n=11, n_profile=800, n_distinct=536, t=264995)
nv, 5, 7, 9, 11, 13, 15, 17, 19, 21, 23, 25, 27, 29, 31, 33
Borda, 1.00, 1.00, 1.00, 1.00, 1.00, 1.00, 1.00, 1.00, 1.00, 1.00, 1.00, 1.00, 1.00, 1.00, 1.00
accu_train: 1.00 (n=11, n_profile=900, n_distinct=575, t=297706)
nv, 5, 7, 9, 11, 13, 15, 17, 19, 21, 23, 25, 27, 29, 31, 33
Borda, 1.00, 1.00, 1.00, 1.00, 0.99, 0.99, 0.99, 0.99, 0.99, 0.99, 0.99, 0.99, 0.99, 0.99, 0.99
accu_train: 0.99 (n=11, n_profile=1000, n_distinct=600, t=468246)
nv, 5, 7, 9, 11, 13, 15, 17, 19, 21, 23, 25, 27, 29, 31, 33
Borda, 0.99, 0.99, 0.99, 0.98, 0.98, 0.98, 0.97, 0.97, 0.97, 0.97, 0.97, 0.97, 0.97, 0.96, 0.96
accu_train: 0.93 (n=13, n_profile=100, n_distinct=89, t=5037)
nv, 5, 7, 9, 11, 13, 15, 17, 19, 21, 23, 25, 27, 29, 31, 33
Borda, 0.91, 0.89, 0.88, 0.88, 0.88, 0.88, 0.88, 0.88, 0.87, 0.87, 0.87, 0.87, 0.87, 0.87, 0.87
accu_train: 0.98 (n=13, n_profile=200, n_distinct=176, t=18039)
nv, 5, 7, 9, 11, 13, 15, 17, 19, 21, 23, 25, 27, 29, 31, 33
Borda, 0.97, 0.96, 0.95, 0.95, 0.94, 0.94, 0.94, 0.93, 0.93, 0.93, 0.93, 0.93, 0.93, 0.93, 0.93
accu_train: 0.95 (n=13, n_profile=300, n_distinct=243, t=62871)
nv, 5, 7, 9, 11, 13, 15, 17, 19, 21, 23, 25, 27, 29, 31, 33
Borda, 0.95, 0.94, 0.93, 0.93, 0.93, 0.93, 0.93, 0.92, 0.92, 0.92, 0.92, 0.92, 0.92, 0.92, 0.92
accu_train: 0.93 (n=13, n_profile=400, n_distinct=321, t=136396)
nv, 5, 7, 9, 11, 13, 15, 17, 19, 21, 23, 25, 27, 29, 31, 33
Borda, 0.89, 0.90, 0.90, 0.90, 0.90, 0.89, 0.90, 0.90, 0.90, 0.89, 0.89, 0.90, 0.89, 0.89, 0.89
accu_train: 0.93 (n=13, n_profile=500, n_distinct=381, t=232742)
nv, 5, 7, 9, 11, 13, 15, 17, 19, 21, 23, 25, 27, 29, 31, 33
Borda, 0.95, 0.92, 0.92, 0.92, 0.91, 0.91, 0.91, 0.91, 0.91, 0.91, 0.90, 0.90, 0.90, 0.90, 0.90
accu_train: 0.94 (n=13, n_profile=600, n_distinct=472, t=292175)
nv, 5, 7, 9, 11, 13, 15, 17, 19, 21, 23, 25, 27, 29, 31, 33
Borda, 0.96, 0.95, 0.94, 0.94, 0.93, 0.93, 0.93, 0.93, 0.93, 0.92, 0.92, 0.92, 0.92, 0.92, 0.92
accu_train: 0.95 (n=13, n_profile=700, n_distinct=534, t=398687)
nv, 5, 7, 9, 11, 13, 15, 17, 19, 21, 23, 25, 27, 29, 31, 33
Borda, 0.96, 0.96, 0.96, 0.96, 0.95, 0.95, 0.94, 0.94, 0.94, 0.94, 0.94, 0.94, 0.94, 0.94, 0.93
accu_train: 0.96 (n=13, n_profile=800, n_distinct=591, t=449835)
nv, 5, 7, 9, 11, 13, 15, 17, 19, 21, 23, 25, 27, 29, 31, 33
Borda, 0.95, 0.94, 0.94, 0.94, 0.94, 0.94, 0.93, 0.93, 0.93, 0.93, 0.93, 0.93, 0.93, 0.93, 0.93
accu_train: 0.97 (n=13, n_profile=900, n_distinct=622, t=555490)
nv, 5, 7, 9, 11, 13, 15, 17, 19, 21, 23, 25, 27, 29, 31, 33
Borda, 0.96, 0.96, 0.95, 0.95, 0.95, 0.95, 0.95, 0.94, 0.94, 0.94, 0.94, 0.94, 0.94, 0.94, 0.94
accu_train: 1.00 (n=13, n_profile=1000, n_distinct=697, t=543883)
nv, 5, 7, 9, 11, 13, 15, 17, 19, 21, 23, 25, 27, 29, 31, 33
Borda, 1.00, 0.99, 0.99, 0.99, 0.99, 0.99, 0.98, 0.98, 0.98, 0.98, 0.98, 0.98, 0.98, 0.98, 0.98
accu_train: 0.95 (n=15, n_profile=100, n_distinct=92, t=4734)
nv, 5, 7, 9, 11, 13, 15, 17, 19, 21, 23, 25, 27, 29, 31, 33
Borda, 0.94, 0.93, 0.93, 0.93, 0.92, 0.92, 0.92, 0.91, 0.91, 0.91, 0.91, 0.91, 0.91, 0.91, 0.91
accu_train: 0.95 (n=15, n_profile=200, n_distinct=179, t=19371)
nv, 5, 7, 9, 11, 13, 15, 17, 19, 21, 23, 25, 27, 29, 31, 33
Borda, 0.95, 0.94, 0.94, 0.93, 0.93, 0.93, 0.92, 0.92, 0.92, 0.92, 0.92, 0.92, 0.92, 0.92, 0.91
accu_train: 0.95 (n=15, n_profile=300, n_distinct=255, t=63261)
nv, 5, 7, 9, 11, 13, 15, 17, 19, 21, 23, 25, 27, 29, 31, 33
Borda, 0.96, 0.96, 0.95, 0.94, 0.94, 0.94, 0.94, 0.94, 0.94, 0.93, 0.93, 0.93, 0.93, 0.93, 0.93
accu_train: 0.96 (n=15, n_profile=400, n_distinct=333, t=127194)
nv, 5, 7, 9, 11, 13, 15, 17, 19, 21, 23, 25, 27, 29, 31, 33
Borda, 0.94, 0.93, 0.93, 0.92, 0.92, 0.92, 0.91, 0.91, 0.91, 0.91, 0.91, 0.91, 0.91, 0.91, 0.91
accu_train: 0.95 (n=15, n_profile=500, n_distinct=401, t=182903)
nv, 5, 7, 9, 11, 13, 15, 17, 19, 21, 23, 25, 27, 29, 31, 33
Borda, 0.92, 0.92, 0.92, 0.92, 0.91, 0.91, 0.91, 0.91, 0.91, 0.91, 0.91, 0.91, 0.91, 0.91, 0.91
accu_train: 0.96 (n=15, n_profile=600, n_distinct=480, t=260045)
nv, 5, 7, 9, 11, 13, 15, 17, 19, 21, 23, 25, 27, 29, 31, 33
Borda, 0.97, 0.95, 0.95, 0.95, 0.94, 0.94, 0.94, 0.94, 0.94, 0.94, 0.93, 0.93, 0.93, 0.93, 0.93
accu_train: 0.99 (n=15, n_profile=700, n_distinct=543, t=272278)
nv, 5, 7, 9, 11, 13, 15, 17, 19, 21, 23, 25, 27, 29, 31, 33
Borda, 1.00, 1.00, 1.00, 0.99, 0.99, 0.99, 0.99, 0.99, 0.99, 0.99, 0.99, 0.98, 0.98, 0.98, 0.98
accu_train: 0.95 (n=15, n_profile=800, n_distinct=591, t=542150)
nv, 5, 7, 9, 11, 13, 15, 17, 19, 21, 23, 25, 27, 29, 31, 33
Borda, 0.94, 0.96, 0.95, 0.95, 0.94, 0.94, 0.94, 0.93, 0.94, 0.93, 0.93, 0.93, 0.93, 0.93, 0.93
accu_train: 0.97 (n=15, n_profile=900, n_distinct=698, t=607749)
nv, 5, 7, 9, 11, 13, 15, 17, 19, 21, 23, 25, 27, 29, 31, 33
Borda, 0.98, 0.97, 0.97, 0.97, 0.96, 0.96, 0.96, 0.96, 0.96, 0.96, 0.96, 0.96, 0.96, 0.95, 0.94
accu_train: 0.97 (n=15, n_profile=1000, n_distinct=761, t=745465)
nv, 5, 7, 9, 11, 13, 15, 17, 19, 21, 23, 25, 27, 29, 31, 33
Borda, 0.96, 0.95, 0.95, 0.96, 0.96, 0.95, 0.95, 0.96, 0.95, 0.95, 0.95, 0.95, 0.95, 0.95, 0.95
