accu_train: 0.98 (n=5, n_profile=100, n_distinct=71, t=3658)
nv, 5, 7, 9, 11, 13, 15, 17, 19, 21, 23, 25, 27, 29, 31, 33
RankedPairs, 0.92, 0.92, 0.91, 0.90, 0.90, 0.89, 0.89, 0.89, 0.89, 0.89, 0.89, 0.87, 0.87, 0.87, 0.87
accu_train: 0.98 (n=5, n_profile=200, n_distinct=122, t=25754)
nv, 5, 7, 9, 11, 13, 15, 17, 19, 21, 23, 25, 27, 29, 31, 33
RankedPairs, 0.95, 0.95, 0.93, 0.93, 0.92, 0.91, 0.91, 0.91, 0.91, 0.91, 0.90, 0.91, 0.91, 0.90, 0.90
accu_train: 0.89 (n=7, n_profile=100, n_distinct=89, t=5759)
nv, 5, 7, 9, 11, 13, 15, 17, 19, 21, 23, 25, 27, 29, 31, 33
RankedPairs, 0.88, 0.85, 0.85, 0.85, 0.85, 0.85, 0.85, 0.85, 0.84, 0.84, 0.84, 0.84, 0.84, 0.84, 0.84
accu_train: 0.97 (n=7, n_profile=200, n_distinct=158, t=16575)
nv, 5, 7, 9, 11, 13, 15, 17, 19, 21, 23, 25, 27, 29, 31, 33
RankedPairs, 0.98, 0.94, 0.92, 0.90, 0.91, 0.90, 0.90, 0.89, 0.90, 0.89, 0.89, 0.89, 0.89, 0.89, 0.89
accu_train: 0.99 (n=7, n_profile=300, n_distinct=202, t=36743)
nv, 5, 7, 9, 11, 13, 15, 17, 19, 21, 23, 25, 27, 29, 31, 33
RankedPairs, 0.96, 0.95, 0.94, 0.93, 0.93, 0.92, 0.92, 0.91, 0.91, 0.91, 0.91, 0.91, 0.91, 0.91, 0.91
accu_train: 0.98 (n=7, n_profile=400, n_distinct=246, t=87117)
nv, 5, 7, 9, 11, 13, 15, 17, 19, 21, 23, 25, 27, 29, 31, 33
RankedPairs, 0.98, 0.95, 0.94, 0.94, 0.94, 0.94, 0.94, 0.94, 0.94, 0.94, 0.94, 0.94, 0.91, 0.91, 0.92
accu_train: 0.99 (n=7, n_profile=500, n_distinct=272, t=124721)
nv, 5, 7, 9, 11, 13, 15, 17, 19, 21, 23, 25, 27, 29, 31, 33
RankedPairs, 0.91, 0.93, 0.91, 0.92, 0.92, 0.92, 0.92, 0.92, 0.92, 0.92, 0.92, 0.92, 0.90, 0.90, 0.90
accu_train: 0.97 (n=7, n_profile=600, n_distinct=331, t=305214)
nv, 5, 7, 9, 11, 13, 15, 17, 19, 21, 23, 25, 27, 29, 31, 33
RankedPairs, 0.95, 0.94, 0.93, 0.93, 0.93, 0.93, 0.93, 0.93, 0.93, 0.93, 0.92, 0.93, 0.92, 0.93, 0.92
accu_train: 0.99 (n=7, n_profile=700, n_distinct=375, t=411887)
nv, 5, 7, 9, 11, 13, 15, 17, 19, 21, 23, 25, 27, 29, 31, 33
RankedPairs, 0.96, 0.96, 0.95, 0.95, 0.95, 0.95, 0.95, 0.95, 0.95, 0.94, 0.94, 0.94, 0.94, 0.94, 0.94
accu_train: 0.90 (n=9, n_profile=100, n_distinct=92, t=6176)
nv, 5, 7, 9, 11, 13, 15, 17, 19, 21, 23, 25, 27, 29, 31, 33
RankedPairs, 0.85, 0.85, 0.85, 0.84, 0.84, 0.84, 0.84, 0.84, 0.84, 0.83, 0.83, 0.83, 0.83, 0.83, 0.83
accu_train: 0.96 (n=9, n_profile=200, n_distinct=168, t=30132)
nv, 5, 7, 9, 11, 13, 15, 17, 19, 21, 23, 25, 27, 29, 31, 33
RankedPairs, 0.89, 0.88, 0.86, 0.86, 0.85, 0.85, 0.85, 0.85, 0.85, 0.85, 0.85, 0.85, 0.85, 0.85, 0.85
accu_train: 0.97 (n=9, n_profile=300, n_distinct=239, t=57980)
nv, 5, 7, 9, 11, 13, 15, 17, 19, 21, 23, 25, 27, 29, 31, 33
RankedPairs, 0.94, 0.93, 0.92, 0.91, 0.90, 0.90, 0.90, 0.90, 0.90, 0.90, 0.90, 0.90, 0.90, 0.90, 0.90
accu_train: 0.95 (n=9, n_profile=400, n_distinct=306, t=95851)
nv, 5, 7, 9, 11, 13, 15, 17, 19, 21, 23, 25, 27, 29, 31, 33
RankedPairs, 0.93, 0.92, 0.90, 0.88, 0.89, 0.89, 0.89, 0.89, 0.89, 0.89, 0.89, 0.89, 0.88, 0.88, 0.88
accu_train: 0.94 (n=9, n_profile=500, n_distinct=363, t=199582)
nv, 5, 7, 9, 11, 13, 15, 17, 19, 21, 23, 25, 27, 29, 31, 33
RankedPairs, 0.94, 0.91, 0.90, 0.90, 0.90, 0.89, 0.89, 0.89, 0.89, 0.89, 0.89, 0.89, 0.89, 0.89, 0.89
accu_train: 0.95 (n=9, n_profile=600, n_distinct=426, t=242201)
nv, 5, 7, 9, 11, 13, 15, 17, 19, 21, 23, 25, 27, 29, 31, 33
RankedPairs, 0.92, 0.92, 0.91, 0.90, 0.90, 0.90, 0.90, 0.90, 0.90, 0.90, 0.90, 0.89, 0.90, 0.89, 0.89
accu_train: 0.98 (n=9, n_profile=700, n_distinct=459, t=336343)
nv, 5, 7, 9, 11, 13, 15, 17, 19, 21, 23, 25, 27, 29, 31, 33
RankedPairs, 0.96, 0.95, 0.94, 0.94, 0.94, 0.93, 0.93, 0.93, 0.93, 0.93, 0.93, 0.93, 0.93, 0.93, 0.93
accu_train: 0.98 (n=9, n_profile=800, n_distinct=491, t=613037)
nv, 5, 7, 9, 11, 13, 15, 17, 19, 21, 23, 25, 27, 29, 31, 33
RankedPairs, 0.95, 0.94, 0.93, 0.92, 0.92, 0.92, 0.91, 0.91, 0.91, 0.91, 0.91, 0.91, 0.91, 0.91, 0.91
accu_train: 1.00 (n=9, n_profile=900, n_distinct=561, t=526133)
nv, 5, 7, 9, 11, 13, 15, 17, 19, 21, 23, 25, 27, 29, 31, 33
RankedPairs, 0.96, 0.94, 0.94, 0.93, 0.93, 0.93, 0.93, 0.93, 0.93, 0.93, 0.92, 0.92, 0.92, 0.92, 0.92
accu_train: 1.00 (n=9, n_profile=1000, n_distinct=548, t=538793)
nv, 5, 7, 9, 11, 13, 15, 17, 19, 21, 23, 25, 27, 29, 31, 33
RankedPairs, 0.96, 0.96, 0.95, 0.95, 0.95, 0.95, 0.95, 0.95, 0.95, 0.95, 0.95, 0.95, 0.95, 0.95, 0.95
accu_train: 0.89 (n=11, n_profile=100, n_distinct=92, t=7664)
nv, 5, 7, 9, 11, 13, 15, 17, 19, 21, 23, 25, 27, 29, 31, 33
RankedPairs, 0.84, 0.83, 0.84, 0.82, 0.82, 0.82, 0.82, 0.82, 0.82, 0.82, 0.81, 0.81, 0.81, 0.81, 0.81
accu_train: 0.94 (n=11, n_profile=200, n_distinct=180, t=33015)
nv, 5, 7, 9, 11, 13, 15, 17, 19, 21, 23, 25, 27, 29, 31, 33
RankedPairs, 0.90, 0.88, 0.87, 0.87, 0.87, 0.86, 0.86, 0.86, 0.86, 0.86, 0.86, 0.86, 0.86, 0.86, 0.86
accu_train: 0.92 (n=11, n_profile=300, n_distinct=267, t=66926)
nv, 5, 7, 9, 11, 13, 15, 17, 19, 21, 23, 25, 27, 29, 31, 33
RankedPairs, 0.95, 0.92, 0.91, 0.90, 0.90, 0.90, 0.89, 0.89, 0.89, 0.89, 0.89, 0.89, 0.89, 0.89, 0.89
accu_train: 0.95 (n=11, n_profile=400, n_distinct=340, t=130867)
nv, 5, 7, 9, 11, 13, 15, 17, 19, 21, 23, 25, 27, 29, 31, 33
RankedPairs, 0.94, 0.92, 0.91, 0.90, 0.90, 0.90, 0.90, 0.90, 0.90, 0.89, 0.90, 0.89, 0.89, 0.89, 0.89
accu_train: 0.96 (n=11, n_profile=500, n_distinct=405, t=190772)
nv, 5, 7, 9, 11, 13, 15, 17, 19, 21, 23, 25, 27, 29, 31, 33
RankedPairs, 0.95, 0.93, 0.92, 0.91, 0.91, 0.90, 0.90, 0.90, 0.90, 0.90, 0.90, 0.90, 0.90, 0.90, 0.90
accu_train: 0.97 (n=11, n_profile=600, n_distinct=467, t=222713)
nv, 5, 7, 9, 11, 13, 15, 17, 19, 21, 23, 25, 27, 29, 31, 33
RankedPairs, 0.94, 0.94, 0.94, 0.94, 0.91, 0.91, 0.91, 0.91, 0.91, 0.91, 0.91, 0.91, 0.91, 0.91, 0.91
accu_train: 0.97 (n=11, n_profile=700, n_distinct=523, t=336297)
nv, 5, 7, 9, 11, 13, 15, 17, 19, 21, 23, 25, 27, 29, 31, 33
RankedPairs, 0.95, 0.94, 0.93, 0.92, 0.92, 0.92, 0.92, 0.92, 0.92, 0.91, 0.91, 0.91, 0.91, 0.91, 0.91
accu_train: 0.98 (n=11, n_profile=800, n_distinct=579, t=693120)
nv, 5, 7, 9, 11, 13, 15, 17, 19, 21, 23, 25, 27, 29, 31, 33
RankedPairs, 0.95, 0.93, 0.92, 0.92, 0.92, 0.92, 0.91, 0.91, 0.91, 0.91, 0.91, 0.91, 0.91, 0.91, 0.91
accu_train: 0.98 (n=11, n_profile=900, n_distinct=637, t=503431)
nv, 5, 7, 9, 11, 13, 15, 17, 19, 21, 23, 25, 27, 29, 31, 33
RankedPairs, 0.95, 0.95, 0.95, 0.94, 0.93, 0.93, 0.93, 0.93, 0.93, 0.93, 0.92, 0.93, 0.92, 0.92, 0.92
accu_train: 0.96 (n=11, n_profile=1000, n_distinct=687, t=521623)
nv, 5, 7, 9, 11, 13, 15, 17, 19, 21, 23, 25, 27, 29, 31, 33
RankedPairs, 0.94, 0.92, 0.92, 0.92, 0.92, 0.92, 0.92, 0.92, 0.92, 0.92, 0.92, 0.92, 0.91, 0.91, 0.91
accu_train: 0.95 (n=13, n_profile=100, n_distinct=98, t=4985)
nv, 5, 7, 9, 11, 13, 15, 17, 19, 21, 23, 25, 27, 29, 31, 33
RankedPairs, 0.92, 0.90, 0.89, 0.88, 0.88, 0.88, 0.88, 0.88, 0.88, 0.88, 0.88, 0.87, 0.87, 0.87, 0.87
accu_train: 0.88 (n=13, n_profile=200, n_distinct=192, t=27125)
nv, 5, 7, 9, 11, 13, 15, 17, 19, 21, 23, 25, 27, 29, 31, 33
RankedPairs, 0.91, 0.90, 0.90, 0.90, 0.87, 0.86, 0.87, 0.87, 0.87, 0.87, 0.87, 0.87, 0.87, 0.87, 0.87
accu_train: 0.93 (n=13, n_profile=300, n_distinct=269, t=72616)
nv, 5, 7, 9, 11, 13, 15, 17, 19, 21, 23, 25, 27, 29, 31, 33
RankedPairs, 0.88, 0.88, 0.87, 0.87, 0.87, 0.86, 0.86, 0.86, 0.86, 0.86, 0.86, 0.86, 0.86, 0.86, 0.86
accu_train: 0.93 (n=13, n_profile=400, n_distinct=360, t=125356)
nv, 5, 7, 9, 11, 13, 15, 17, 19, 21, 23, 25, 27, 29, 31, 33
RankedPairs, 0.96, 0.94, 0.93, 0.93, 0.90, 0.88, 0.89, 0.89, 0.89, 0.89, 0.89, 0.89, 0.90, 0.90, 0.90
accu_train: 0.96 (n=13, n_profile=500, n_distinct=426, t=177041)
nv, 5, 7, 9, 11, 13, 15, 17, 19, 21, 23, 25, 27, 29, 31, 33
RankedPairs, 0.94, 0.93, 0.93, 0.92, 0.91, 0.90, 0.90, 0.90, 0.90, 0.90, 0.89, 0.89, 0.89, 0.89, 0.89
accu_train: 0.94 (n=13, n_profile=600, n_distinct=497, t=330348)
nv, 5, 7, 9, 11, 13, 15, 17, 19, 21, 23, 25, 27, 29, 31, 33
RankedPairs, 0.93, 0.92, 0.91, 0.90, 0.90, 0.90, 0.89, 0.89, 0.89, 0.89, 0.89, 0.89, 0.89, 0.89, 0.89
accu_train: 0.95 (n=13, n_profile=700, n_distinct=588, t=371276)
nv, 5, 7, 9, 11, 13, 15, 17, 19, 21, 23, 25, 27, 29, 31, 33
RankedPairs, 0.93, 0.92, 0.91, 0.91, 0.90, 0.90, 0.90, 0.90, 0.90, 0.89, 0.89, 0.89, 0.89, 0.89, 0.89
accu_train: 0.97 (n=13, n_profile=800, n_distinct=651, t=417134)
nv, 5, 7, 9, 11, 13, 15, 17, 19, 21, 23, 25, 27, 29, 31, 33
RankedPairs, 0.92, 0.92, 0.92, 0.91, 0.91, 0.91, 0.91, 0.91, 0.91, 0.91, 0.91, 0.91, 0.91, 0.91, 0.91
accu_train: 0.96 (n=13, n_profile=900, n_distinct=700, t=743404)
nv, 5, 7, 9, 11, 13, 15, 17, 19, 21, 23, 25, 27, 29, 31, 33
RankedPairs, 0.94, 0.93, 0.93, 0.92, 0.92, 0.92, 0.92, 0.92, 0.91, 0.91, 0.91, 0.91, 0.91, 0.91, 0.91
accu_train: 0.96 (n=13, n_profile=1000, n_distinct=762, t=735766)
nv, 5, 7, 9, 11, 13, 15, 17, 19, 21, 23, 25, 27, 29, 31, 33
RankedPairs, 0.93, 0.92, 0.92, 0.91, 0.91, 0.91, 0.90, 0.90, 0.90, 0.90, 0.90, 0.90, 0.90, 0.90, 0.90
accu_train: 0.90 (n=15, n_profile=100, n_distinct=99, t=5392)
nv, 5, 7, 9, 11, 13, 15, 17, 19, 21, 23, 25, 27, 29, 31, 33
RankedPairs, 0.85, 0.84, 0.83, 0.82, 0.82, 0.81, 0.82, 0.81, 0.81, 0.81, 0.81, 0.81, 0.81, 0.81, 0.81
accu_train: 0.94 (n=15, n_profile=200, n_distinct=192, t=25707)
nv, 5, 7, 9, 11, 13, 15, 17, 19, 21, 23, 25, 27, 29, 31, 33
RankedPairs, 0.93, 0.92, 0.90, 0.90, 0.89, 0.89, 0.89, 0.88, 0.88, 0.88, 0.88, 0.88, 0.88, 0.88, 0.88
accu_train: 0.95 (n=15, n_profile=300, n_distinct=284, t=58333)
nv, 5, 7, 9, 11, 13, 15, 17, 19, 21, 23, 25, 27, 29, 31, 33
RankedPairs, 0.93, 0.90, 0.90, 0.90, 0.90, 0.90, 0.90, 0.90, 0.89, 0.89, 0.89, 0.89, 0.89, 0.89, 0.89
accu_train: 0.95 (n=15, n_profile=400, n_distinct=369, t=108134)
nv, 5, 7, 9, 11, 13, 15, 17, 19, 21, 23, 25, 27, 29, 31, 33
RankedPairs, 0.88, 0.86, 0.86, 0.86, 0.85, 0.85, 0.85, 0.85, 0.85, 0.85, 0.85, 0.85, 0.85, 0.85, 0.85
accu_train: 0.93 (n=15, n_profile=500, n_distinct=449, t=177920)
nv, 5, 7, 9, 11, 13, 15, 17, 19, 21, 23, 25, 27, 29, 31, 33
RankedPairs, 0.90, 0.89, 0.88, 0.87, 0.87, 0.87, 0.86, 0.86, 0.86, 0.86, 0.86, 0.86, 0.86, 0.86, 0.86
accu_train: 0.97 (n=15, n_profile=600, n_distinct=521, t=259021)
nv, 5, 7, 9, 11, 13, 15, 17, 19, 21, 23, 25, 27, 29, 31, 33
RankedPairs, 0.95, 0.94, 0.92, 0.92, 0.91, 0.91, 0.91, 0.91, 0.91, 0.90, 0.90, 0.90, 0.90, 0.90, 0.90
accu_train: 0.93 (n=15, n_profile=700, n_distinct=613, t=633206)
nv, 5, 7, 9, 11, 13, 15, 17, 19, 21, 23, 25, 27, 29, 31, 33
RankedPairs, 0.92, 0.91, 0.89, 0.89, 0.89, 0.89, 0.89, 0.88, 0.88, 0.88, 0.88, 0.88, 0.88, 0.88, 0.88
accu_train: 0.94 (n=15, n_profile=800, n_distinct=683, t=462989)
nv, 5, 7, 9, 11, 13, 15, 17, 19, 21, 23, 25, 27, 29, 31, 33
RankedPairs, 0.91, 0.91, 0.90, 0.90, 0.90, 0.90, 0.90, 0.90, 0.86, 0.87, 0.87, 0.87, 0.87, 0.87, 0.87
accu_train: 0.96 (n=15, n_profile=900, n_distinct=751, t=643932)
nv, 5, 7, 9, 11, 13, 15, 17, 19, 21, 23, 25, 27, 29, 31, 33
RankedPairs, 0.95, 0.92, 0.92, 0.92, 0.91, 0.91, 0.91, 0.91, 0.91, 0.91, 0.91, 0.91, 0.91, 0.91, 0.91
accu_train: 0.97 (n=15, n_profile=1000, n_distinct=805, t=1127725)
nv, 5, 7, 9, 11, 13, 15, 17, 19, 21, 23, 25, 27, 29, 31, 33
RankedPairs, 0.93, 0.92, 0.92, 0.92, 0.91, 0.91, 0.91, 0.91, 0.91, 0.91, 0.91, 0.91, 0.91, 0.91, 0.91
