accu_train: 0.97 (n=5, n_profile=100, n_distinct=71, t=4235)
nv, 5, 7, 9, 11, 13, 15, 17, 19, 21, 23, 25, 27, 29, 31, 33
Maximin, 0.89, 0.88, 0.87, 0.87, 0.87, 0.86, 0.86, 0.86, 0.86, 0.85, 0.85, 0.85, 0.85, 0.85, 0.85
accu_train: 0.99 (n=5, n_profile=200, n_distinct=116, t=19775)
nv, 5, 7, 9, 11, 13, 15, 17, 19, 21, 23, 25, 27, 29, 31, 33
Maximin, 0.98, 0.97, 0.97, 0.96, 0.95, 0.95, 0.95, 0.95, 0.95, 0.94, 0.94, 0.94, 0.94, 0.94, 0.94
accu_train: 0.92 (n=7, n_profile=100, n_distinct=77, t=4736)
nv, 5, 7, 9, 11, 13, 15, 17, 19, 21, 23, 25, 27, 29, 31, 33
Maximin, 0.90, 0.87, 0.86, 0.85, 0.85, 0.85, 0.85, 0.84, 0.84, 0.84, 0.84, 0.84, 0.84, 0.84, 0.84
accu_train: 0.96 (n=7, n_profile=200, n_distinct=145, t=19042)
nv, 5, 7, 9, 11, 13, 15, 17, 19, 21, 23, 25, 27, 29, 31, 33
Maximin, 1.00, 0.94, 0.94, 0.94, 0.94, 0.94, 0.92, 0.92, 0.92, 0.92, 0.92, 0.92, 0.92, 0.92, 0.92
accu_train: 0.99 (n=7, n_profile=300, n_distinct=198, t=39855)
nv, 5, 7, 9, 11, 13, 15, 17, 19, 21, 23, 25, 27, 29, 31, 33
Maximin, 1.00, 0.98, 0.97, 0.97, 0.96, 0.96, 0.96, 0.96, 0.94, 0.94, 0.94, 0.94, 0.94, 0.94, 0.94
accu_train: 0.98 (n=7, n_profile=400, n_distinct=237, t=66518)
nv, 5, 7, 9, 11, 13, 15, 17, 19, 21, 23, 25, 27, 29, 31, 33
Maximin, 0.98, 0.97, 0.97, 0.96, 0.96, 0.96, 0.95, 0.95, 0.95, 0.95, 0.94, 0.94, 0.94, 0.94, 0.94
accu_train: 0.97 (n=7, n_profile=500, n_distinct=270, t=142914)
nv, 5, 7, 9, 11, 13, 15, 17, 19, 21, 23, 25, 27, 29, 31, 33
Maximin, 0.97, 0.95, 0.95, 0.95, 0.94, 0.94, 0.94, 0.94, 0.93, 0.93, 0.93, 0.93, 0.93, 0.93, 0.93
accu_train: 0.98 (n=7, n_profile=600, n_distinct=300, t=220694)
nv, 5, 7, 9, 11, 13, 15, 17, 19, 21, 23, 25, 27, 29, 31, 33
Maximin, 0.99, 0.98, 0.97, 0.96, 0.95, 0.95, 0.95, 0.95, 0.95, 0.95, 0.94, 0.94, 0.94, 0.94, 0.94
accu_train: 0.98 (n=7, n_profile=700, n_distinct=332, t=274473)
nv, 5, 7, 9, 11, 13, 15, 17, 19, 21, 23, 25, 27, 29, 31, 33
Maximin, 1.00, 0.98, 0.96, 0.96, 0.95, 0.95, 0.95, 0.95, 0.95, 0.94, 0.94, 0.94, 0.94, 0.94, 0.94
accu_train: 0.91 (n=9, n_profile=100, n_distinct=84, t=2714841)
nv, 5, 7, 9, 11, 13, 15, 17, 19, 21, 23, 25, 27, 29, 31, 33
Maximin, 0.90, 0.89, 0.87, 0.86, 0.85, 0.85, 0.85, 0.85, 0.85, 0.85, 0.84, 0.84, 0.84, 0.84, 0.84
accu_train: 0.93 (n=9, n_profile=200, n_distinct=157, t=25402)
nv, 5, 7, 9, 11, 13, 15, 17, 19, 21, 23, 25, 27, 29, 31, 33
Maximin, 0.94, 0.92, 0.90, 0.89, 0.89, 0.88, 0.88, 0.88, 0.88, 0.88, 0.88, 0.88, 0.88, 0.88, 0.88
accu_train: 0.99 (n=9, n_profile=300, n_distinct=230, t=53901)
nv, 5, 7, 9, 11, 13, 15, 17, 19, 21, 23, 25, 27, 29, 31, 33
Maximin, 0.99, 0.98, 0.97, 0.97, 0.97, 0.96, 0.93, 0.93, 0.93, 0.93, 0.93, 0.93, 0.93, 0.93, 0.93
accu_train: 0.98 (n=9, n_profile=400, n_distinct=299, t=139866)
nv, 5, 7, 9, 11, 13, 15, 17, 19, 21, 23, 25, 27, 29, 31, 33
Maximin, 0.99, 0.98, 0.97, 0.97, 0.96, 0.96, 0.96, 0.95, 0.95, 0.95, 0.95, 0.95, 0.95, 0.95, 0.95
accu_train: 0.95 (n=9, n_profile=500, n_distinct=332, t=204753)
nv, 5, 7, 9, 11, 13, 15, 17, 19, 21, 23, 25, 27, 29, 31, 33
Maximin, 0.96, 0.95, 0.93, 0.91, 0.91, 0.92, 0.92, 0.91, 0.91, 0.91, 0.91, 0.91, 0.90, 0.91, 0.91
accu_train: 0.94 (n=9, n_profile=600, n_distinct=383, t=305727)
nv, 5, 7, 9, 11, 13, 15, 17, 19, 21, 23, 25, 27, 29, 31, 33
Maximin, 0.99, 0.97, 0.95, 0.95, 0.94, 0.94, 0.94, 0.94, 0.94, 0.94, 0.94, 0.93, 0.93, 0.93, 0.93
accu_train: 0.97 (n=9, n_profile=700, n_distinct=431, t=319740)
nv, 5, 7, 9, 11, 13, 15, 17, 19, 21, 23, 25, 27, 29, 31, 33
Maximin, 0.98, 0.96, 0.96, 0.95, 0.94, 0.94, 0.94, 0.94, 0.94, 0.94, 0.94, 0.93, 0.93, 0.93, 0.93
accu_train: 0.98 (n=9, n_profile=800, n_distinct=496, t=512780)
nv, 5, 7, 9, 11, 13, 15, 17, 19, 21, 23, 25, 27, 29, 31, 33
Maximin, 1.00, 0.98, 0.98, 0.97, 0.96, 0.96, 0.96, 0.95, 0.95, 0.95, 0.95, 0.95, 0.95, 0.95, 0.95
accu_train: 0.99 (n=9, n_profile=900, n_distinct=494, t=506390)
nv, 5, 7, 9, 11, 13, 15, 17, 19, 21, 23, 25, 27, 29, 31, 33
Maximin, 1.00, 0.99, 0.99, 0.98, 0.97, 0.97, 0.96, 0.96, 0.96, 0.96, 0.96, 0.96, 0.95, 0.95, 0.95
accu_train: 0.98 (n=9, n_profile=1000, n_distinct=559, t=824476)
nv, 5, 7, 9, 11, 13, 15, 17, 19, 21, 23, 25, 27, 29, 31, 33
Maximin, 0.98, 0.97, 0.97, 0.96, 0.96, 0.95, 0.95, 0.95, 0.95, 0.95, 0.95, 0.95, 0.95, 0.95, 0.95
accu_train: 0.82 (n=11, n_profile=100, n_distinct=90, t=12161)
nv, 5, 7, 9, 11, 13, 15, 17, 19, 21, 23, 25, 27, 29, 31, 33
Maximin, 0.88, 0.86, 0.86, 0.85, 0.85, 0.85, 0.84, 0.84, 0.84, 0.84, 0.84, 0.84, 0.84, 0.84, 0.84
accu_train: 0.94 (n=11, n_profile=200, n_distinct=176, t=31358)
nv, 5, 7, 9, 11, 13, 15, 17, 19, 21, 23, 25, 27, 29, 31, 33
Maximin, 0.94, 0.92, 0.91, 0.91, 0.90, 0.90, 0.90, 0.90, 0.90, 0.90, 0.90, 0.90, 0.89, 0.89, 0.89
accu_train: 0.93 (n=11, n_profile=300, n_distinct=241, t=72774)
nv, 5, 7, 9, 11, 13, 15, 17, 19, 21, 23, 25, 27, 29, 31, 33
Maximin, 0.90, 0.90, 0.90, 0.89, 0.89, 0.89, 0.89, 0.88, 0.88, 0.88, 0.88, 0.88, 0.88, 0.88, 0.88
accu_train: 0.95 (n=11, n_profile=400, n_distinct=312, t=191698)
nv, 5, 7, 9, 11, 13, 15, 17, 19, 21, 23, 25, 27, 29, 31, 33
Maximin, 0.95, 0.94, 0.93, 0.93, 0.92, 0.92, 0.92, 0.92, 0.91, 0.91, 0.91, 0.91, 0.91, 0.91, 0.91
accu_train: 0.94 (n=11, n_profile=500, n_distinct=370, t=234333)
nv, 5, 7, 9, 11, 13, 15, 17, 19, 21, 23, 25, 27, 29, 31, 33
Maximin, 0.95, 0.93, 0.93, 0.92, 0.92, 0.91, 0.91, 0.91, 0.91, 0.91, 0.91, 0.91, 0.91, 0.91, 0.91
accu_train: 0.94 (n=11, n_profile=600, n_distinct=439, t=628784)
nv, 5, 7, 9, 11, 13, 15, 17, 19, 21, 23, 25, 27, 29, 31, 33
Maximin, 0.96, 0.94, 0.93, 0.93, 0.93, 0.93, 0.92, 0.92, 0.92, 0.92, 0.92, 0.92, 0.92, 0.92, 0.92
accu_train: 0.97 (n=11, n_profile=700, n_distinct=507, t=687558)
nv, 5, 7, 9, 11, 13, 15, 17, 19, 21, 23, 25, 27, 29, 31, 33
Maximin, 0.98, 0.97, 0.96, 0.95, 0.94, 0.94, 0.94, 0.93, 0.93, 0.93, 0.93, 0.93, 0.93, 0.93, 0.93
accu_train: 0.96 (n=11, n_profile=800, n_distinct=575, t=542513)
nv, 5, 7, 9, 11, 13, 15, 17, 19, 21, 23, 25, 27, 29, 31, 33
Maximin, 0.97, 0.96, 0.95, 0.95, 0.94, 0.94, 0.94, 0.93, 0.94, 0.93, 0.93, 0.93, 0.93, 0.93, 0.93
accu_train: 0.97 (n=11, n_profile=900, n_distinct=614, t=673725)
nv, 5, 7, 9, 11, 13, 15, 17, 19, 21, 23, 25, 27, 29, 31, 33
Maximin, 0.98, 0.97, 0.97, 0.96, 0.95, 0.95, 0.95, 0.95, 0.95, 0.95, 0.94, 0.94, 0.94, 0.94, 0.94
accu_train: 0.98 (n=11, n_profile=1000, n_distinct=642, t=662710)
nv, 5, 7, 9, 11, 13, 15, 17, 19, 21, 23, 25, 27, 29, 31, 33
Maximin, 0.96, 0.96, 0.96, 0.96, 0.95, 0.95, 0.93, 0.93, 0.93, 0.93, 0.93, 0.93, 0.93, 0.93, 0.93
accu_train: 0.91 (n=13, n_profile=100, n_distinct=92, t=4997)
nv, 5, 7, 9, 11, 13, 15, 17, 19, 21, 23, 25, 27, 29, 31, 33
Maximin, 0.90, 0.88, 0.87, 0.87, 0.87, 0.87, 0.86, 0.86, 0.86, 0.86, 0.86, 0.86, 0.86, 0.86, 0.85
accu_train: 0.94 (n=13, n_profile=200, n_distinct=176, t=21604)
nv, 5, 7, 9, 11, 13, 15, 17, 19, 21, 23, 25, 27, 29, 31, 33
Maximin, 0.97, 0.94, 0.93, 0.93, 0.93, 0.92, 0.92, 0.92, 0.92, 0.92, 0.92, 0.92, 0.92, 0.92, 0.92
accu_train: 0.95 (n=13, n_profile=300, n_distinct=263, t=52083)
nv, 5, 7, 9, 11, 13, 15, 17, 19, 21, 23, 25, 27, 29, 31, 33
Maximin, 0.98, 0.95, 0.93, 0.93, 0.92, 0.92, 0.92, 0.92, 0.91, 0.91, 0.91, 0.91, 0.91, 0.91, 0.91
accu_train: 0.92 (n=13, n_profile=400, n_distinct=347, t=135880)
nv, 5, 7, 9, 11, 13, 15, 17, 19, 21, 23, 25, 27, 29, 31, 33
Maximin, 0.96, 0.93, 0.93, 0.92, 0.93, 0.92, 0.92, 0.92, 0.92, 0.92, 0.91, 0.91, 0.91, 0.91, 0.91
accu_train: 0.94 (n=13, n_profile=500, n_distinct=405, t=237178)
nv, 5, 7, 9, 11, 13, 15, 17, 19, 21, 23, 25, 27, 29, 31, 33
Maximin, 0.94, 0.92, 0.91, 0.90, 0.91, 0.91, 0.90, 0.90, 0.90, 0.90, 0.90, 0.90, 0.90, 0.90, 0.90
accu_train: 0.96 (n=13, n_profile=600, n_distinct=489, t=291923)
nv, 5, 7, 9, 11, 13, 15, 17, 19, 21, 23, 25, 27, 29, 31, 33
Maximin, 0.98, 0.97, 0.96, 0.95, 0.95, 0.94, 0.94, 0.94, 0.94, 0.93, 0.93, 0.93, 0.93, 0.93, 0.93
accu_train: 0.97 (n=13, n_profile=700, n_distinct=547, t=389433)
nv, 5, 7, 9, 11, 13, 15, 17, 19, 21, 23, 25, 27, 29, 31, 33
Maximin, 0.98, 0.98, 0.96, 0.96, 0.96, 0.95, 0.95, 0.95, 0.95, 0.95, 0.95, 0.95, 0.95, 0.95, 0.94
accu_train: 0.97 (n=13, n_profile=800, n_distinct=624, t=1025932)
nv, 5, 7, 9, 11, 13, 15, 17, 19, 21, 23, 25, 27, 29, 31, 33
Maximin, 0.99, 0.97, 0.96, 0.95, 0.95, 0.95, 0.95, 0.95, 0.94, 0.94, 0.94, 0.94, 0.94, 0.94, 0.94
accu_train: 0.95 (n=13, n_profile=900, n_distinct=695, t=661788)
nv, 5, 7, 9, 11, 13, 15, 17, 19, 21, 23, 25, 27, 29, 31, 33
Maximin, 0.99, 0.96, 0.95, 0.95, 0.94, 0.95, 0.94, 0.94, 0.94, 0.94, 0.93, 0.93, 0.93, 0.93, 0.93
accu_train: 0.96 (n=13, n_profile=1000, n_distinct=735, t=951409)
nv, 5, 7, 9, 11, 13, 15, 17, 19, 21, 23, 25, 27, 29, 31, 33
Maximin, 0.99, 0.97, 0.95, 0.95, 0.95, 0.94, 0.94, 0.94, 0.94, 0.94, 0.94, 0.94, 0.94, 0.93, 0.93
accu_train: 0.88 (n=15, n_profile=100, n_distinct=92, t=5741)
nv, 5, 7, 9, 11, 13, 15, 17, 19, 21, 23, 25, 27, 29, 31, 33
Maximin, 0.94, 0.92, 0.91, 0.90, 0.90, 0.90, 0.89, 0.89, 0.89, 0.89, 0.89, 0.89, 0.89, 0.88, 0.88
accu_train: 0.92 (n=15, n_profile=200, n_distinct=186, t=25337)
nv, 5, 7, 9, 11, 13, 15, 17, 19, 21, 23, 25, 27, 29, 31, 33
Maximin, 0.90, 0.91, 0.90, 0.90, 0.89, 0.89, 0.89, 0.89, 0.89, 0.89, 0.89, 0.89, 0.89, 0.88, 0.88
accu_train: 0.92 (n=15, n_profile=300, n_distinct=269, t=68063)
nv, 5, 7, 9, 11, 13, 15, 17, 19, 21, 23, 25, 27, 29, 31, 33
Maximin, 0.93, 0.92, 0.91, 0.91, 0.91, 0.91, 0.90, 0.90, 0.90, 0.90, 0.90, 0.90, 0.90, 0.90, 0.90
accu_train: 0.92 (n=15, n_profile=400, n_distinct=355, t=140782)
nv, 5, 7, 9, 11, 13, 15, 17, 19, 21, 23, 25, 27, 29, 31, 33
Maximin, 0.90, 0.90, 0.90, 0.89, 0.89, 0.89, 0.88, 0.88, 0.88, 0.88, 0.88, 0.88, 0.88, 0.88, 0.88
accu_train: 0.95 (n=15, n_profile=500, n_distinct=422, t=213251)
nv, 5, 7, 9, 11, 13, 15, 17, 19, 21, 23, 25, 27, 29, 31, 33
Maximin, 0.95, 0.93, 0.93, 0.93, 0.93, 0.93, 0.92, 0.92, 0.92, 0.92, 0.92, 0.92, 0.92, 0.92, 0.92
accu_train: 0.92 (n=15, n_profile=600, n_distinct=499, t=455887)
nv, 5, 7, 9, 11, 13, 15, 17, 19, 21, 23, 25, 27, 29, 31, 33
Maximin, 0.95, 0.91, 0.92, 0.91, 0.90, 0.90, 0.90, 0.90, 0.90, 0.90, 0.89, 0.89, 0.89, 0.89, 0.89
accu_train: 0.93 (n=15, n_profile=700, n_distinct=568, t=402163)
nv, 5, 7, 9, 11, 13, 15, 17, 19, 21, 23, 25, 27, 29, 31, 33
Maximin, 0.93, 0.93, 0.92, 0.91, 0.91, 0.91, 0.91, 0.91, 0.91, 0.91, 0.91, 0.91, 0.91, 0.90, 0.90
accu_train: 0.95 (n=15, n_profile=800, n_distinct=635, t=580305)
nv, 5, 7, 9, 11, 13, 15, 17, 19, 21, 23, 25, 27, 29, 31, 33
Maximin, 0.97, 0.97, 0.96, 0.96, 0.95, 0.95, 0.95, 0.95, 0.95, 0.94, 0.94, 0.94, 0.94, 0.94, 0.94
accu_train: 0.96 (n=15, n_profile=900, n_distinct=727, t=724882)
nv, 5, 7, 9, 11, 13, 15, 17, 19, 21, 23, 25, 27, 29, 31, 33
Maximin, 0.92, 0.91, 0.91, 0.91, 0.91, 0.91, 0.90, 0.90, 0.90, 0.90, 0.90, 0.90, 0.90, 0.90, 0.90
