accu_train: 0.98 (n=5, n_profile=100, n_distinct=65, t=6053)
nv, 5, 7, 9, 11, 13, 15, 17, 19, 21, 23, 25, 27, 29, 31, 33
Baldwin, 0.95, 0.93, 0.92, 0.91, 0.86, 0.86, 0.86, 0.86, 0.86, 0.87, 0.87, 0.87, 0.87, 0.87, 0.87
accu_train: 1.00 (n=5, n_profile=200, n_distinct=116, t=15717)
nv, 5, 7, 9, 11, 13, 15, 17, 19, 21, 23, 25, 27, 29, 31, 33
Baldwin, 0.99, 0.97, 0.97, 0.96, 0.96, 0.96, 0.96, 0.96, 0.96, 0.95, 0.95, 0.95, 0.95, 0.95, 0.95
accu_train: 0.96 (n=7, n_profile=100, n_distinct=87, t=4656)
nv, 5, 7, 9, 11, 13, 15, 17, 19, 21, 23, 25, 27, 29, 31, 33
Baldwin, 0.84, 0.86, 0.86, 0.82, 0.84, 0.85, 0.85, 0.84, 0.84, 0.85, 0.83, 0.84, 0.84, 0.85, 0.84
accu_train: 0.94 (n=7, n_profile=200, n_distinct=152, t=24984)
nv, 5, 7, 9, 11, 13, 15, 17, 19, 21, 23, 25, 27, 29, 31, 33
Baldwin, 0.91, 0.91, 0.91, 0.90, 0.90, 0.90, 0.90, 0.90, 0.89, 0.89, 0.89, 0.89, 0.89, 0.89, 0.89
accu_train: 0.95 (n=7, n_profile=300, n_distinct=201, t=58039)
nv, 5, 7, 9, 11, 13, 15, 17, 19, 21, 23, 25, 27, 29, 31, 33
Baldwin, 0.95, 0.94, 0.92, 0.92, 0.91, 0.91, 0.91, 0.91, 0.91, 0.91, 0.91, 0.90, 0.91, 0.90, 0.90
accu_train: 0.98 (n=7, n_profile=400, n_distinct=253, t=88992)
nv, 5, 7, 9, 11, 13, 15, 17, 19, 21, 23, 25, 27, 29, 31, 33
Baldwin, 0.98, 0.97, 0.96, 0.96, 0.96, 0.96, 0.95, 0.95, 0.95, 0.95, 0.95, 0.95, 0.95, 0.95, 0.95
accu_train: 0.99 (n=7, n_profile=500, n_distinct=288, t=150975)
nv, 5, 7, 9, 11, 13, 15, 17, 19, 21, 23, 25, 27, 29, 31, 33
Baldwin, 1.00, 0.99, 0.98, 0.98, 0.98, 0.98, 0.97, 0.97, 0.97, 0.97, 0.97, 0.97, 0.97, 0.97, 0.97
accu_train: 0.98 (n=7, n_profile=600, n_distinct=324, t=234477)
nv, 5, 7, 9, 11, 13, 15, 17, 19, 21, 23, 25, 27, 29, 31, 33
Baldwin, 0.99, 0.98, 0.96, 0.96, 0.95, 0.95, 0.95, 0.94, 0.94, 0.94, 0.94, 0.94, 0.94, 0.94, 0.94
accu_train: 0.98 (n=7, n_profile=700, n_distinct=353, t=301849)
nv, 5, 7, 9, 11, 13, 15, 17, 19, 21, 23, 25, 27, 29, 31, 33
Baldwin, 0.99, 0.98, 0.97, 0.97, 0.96, 0.96, 0.96, 0.96, 0.96, 0.95, 0.95, 0.95, 0.94, 0.94, 0.94
accu_train: 0.90 (n=9, n_profile=100, n_distinct=91, t=5243)
nv, 5, 7, 9, 11, 13, 15, 17, 19, 21, 23, 25, 27, 29, 31, 33
Baldwin, 0.88, 0.86, 0.86, 0.86, 0.85, 0.85, 0.85, 0.85, 0.85, 0.85, 0.85, 0.85, 0.85, 0.85, 0.85
accu_train: 0.93 (n=9, n_profile=200, n_distinct=171, t=25892)
nv, 5, 7, 9, 11, 13, 15, 17, 19, 21, 23, 25, 27, 29, 31, 33
Baldwin, 0.95, 0.91, 0.91, 0.90, 0.90, 0.90, 0.89, 0.89, 0.89, 0.89, 0.89, 0.89, 0.89, 0.89, 0.89
accu_train: 0.96 (n=9, n_profile=300, n_distinct=244, t=70963)
nv, 5, 7, 9, 11, 13, 15, 17, 19, 21, 23, 25, 27, 29, 31, 33
Baldwin, 0.95, 0.94, 0.93, 0.92, 0.91, 0.91, 0.91, 0.91, 0.91, 0.91, 0.90, 0.90, 0.90, 0.90, 0.90
accu_train: 0.95 (n=9, n_profile=400, n_distinct=304, t=149216)
nv, 5, 7, 9, 11, 13, 15, 17, 19, 21, 23, 25, 27, 29, 31, 33
Baldwin, 0.97, 0.96, 0.94, 0.93, 0.93, 0.93, 0.92, 0.92, 0.92, 0.92, 0.92, 0.91, 0.91, 0.92, 0.91
accu_train: 0.97 (n=9, n_profile=500, n_distinct=366, t=188717)
nv, 5, 7, 9, 11, 13, 15, 17, 19, 21, 23, 25, 27, 29, 31, 33
Baldwin, 0.98, 0.98, 0.97, 0.96, 0.95, 0.95, 0.94, 0.94, 0.94, 0.94, 0.94, 0.94, 0.94, 0.94, 0.94
accu_train: 0.98 (n=9, n_profile=600, n_distinct=424, t=267888)
nv, 5, 7, 9, 11, 13, 15, 17, 19, 21, 23, 25, 27, 29, 31, 33
Baldwin, 0.99, 0.98, 0.98, 0.97, 0.97, 0.97, 0.97, 0.97, 0.97, 0.97, 0.97, 0.97, 0.97, 0.96, 0.96
accu_train: 0.97 (n=9, n_profile=700, n_distinct=463, t=418489)
nv, 5, 7, 9, 11, 13, 15, 17, 19, 21, 23, 25, 27, 29, 31, 33
Baldwin, 0.97, 0.95, 0.95, 0.94, 0.94, 0.93, 0.93, 0.93, 0.93, 0.93, 0.92, 0.92, 0.92, 0.92, 0.92
accu_train: 0.95 (n=9, n_profile=800, n_distinct=515, t=582121)
nv, 5, 7, 9, 11, 13, 15, 17, 19, 21, 23, 25, 27, 29, 31, 33
Baldwin, 0.96, 0.95, 0.94, 0.93, 0.93, 0.93, 0.92, 0.92, 0.92, 0.92, 0.92, 0.92, 0.92, 0.92, 0.92
accu_train: 0.97 (n=9, n_profile=900, n_distinct=545, t=943902)
nv, 5, 7, 9, 11, 13, 15, 17, 19, 21, 23, 25, 27, 29, 31, 33
Baldwin, 0.98, 0.96, 0.95, 0.94, 0.94, 0.94, 0.93, 0.93, 0.93, 0.93, 0.93, 0.93, 0.93, 0.93, 0.93
accu_train: 0.97 (n=9, n_profile=1000, n_distinct=580, t=942883)
nv, 5, 7, 9, 11, 13, 15, 17, 19, 21, 23, 25, 27, 29, 31, 33
Baldwin, 0.96, 0.96, 0.96, 0.95, 0.95, 0.94, 0.94, 0.94, 0.94, 0.94, 0.94, 0.94, 0.94, 0.94, 0.94
accu_train: 0.83 (n=11, n_profile=100, n_distinct=92, t=6762)
nv, 5, 7, 9, 11, 13, 15, 17, 19, 21, 23, 25, 27, 29, 31, 33
Baldwin, 0.83, 0.82, 0.80, 0.80, 0.80, 0.80, 0.79, 0.79, 0.79, 0.79, 0.79, 0.79, 0.79, 0.79, 0.79
accu_train: 0.95 (n=11, n_profile=200, n_distinct=176, t=31200)
nv, 5, 7, 9, 11, 13, 15, 17, 19, 21, 23, 25, 27, 29, 31, 33
Baldwin, 0.95, 0.92, 0.91, 0.91, 0.91, 0.91, 0.90, 0.90, 0.90, 0.90, 0.90, 0.90, 0.90, 0.90, 0.90
accu_train: 0.94 (n=11, n_profile=300, n_distinct=265, t=72411)
nv, 5, 7, 9, 11, 13, 15, 17, 19, 21, 23, 25, 27, 29, 31, 33
Baldwin, 0.90, 0.89, 0.89, 0.89, 0.88, 0.88, 0.88, 0.88, 0.87, 0.87, 0.87, 0.87, 0.87, 0.87, 0.87
accu_train: 0.93 (n=11, n_profile=400, n_distinct=340, t=159754)
nv, 5, 7, 9, 11, 13, 15, 17, 19, 21, 23, 25, 27, 29, 31, 33
Baldwin, 0.92, 0.92, 0.90, 0.89, 0.89, 0.88, 0.88, 0.88, 0.88, 0.88, 0.88, 0.88, 0.88, 0.88, 0.88
accu_train: 0.93 (n=11, n_profile=500, n_distinct=412, t=265848)
nv, 5, 7, 9, 11, 13, 15, 17, 19, 21, 23, 25, 27, 29, 31, 33
Baldwin, 0.96, 0.94, 0.94, 0.92, 0.92, 0.92, 0.91, 0.91, 0.91, 0.91, 0.91, 0.91, 0.90, 0.90, 0.90
accu_train: 0.95 (n=11, n_profile=600, n_distinct=459, t=511147)
nv, 5, 7, 9, 11, 13, 15, 17, 19, 21, 23, 25, 27, 29, 31, 33
Baldwin, 0.98, 0.96, 0.94, 0.93, 0.93, 0.92, 0.92, 0.92, 0.92, 0.92, 0.92, 0.92, 0.92, 0.91, 0.91
accu_train: 0.95 (n=11, n_profile=700, n_distinct=519, t=445932)
nv, 5, 7, 9, 11, 13, 15, 17, 19, 21, 23, 25, 27, 29, 31, 33
Baldwin, 0.96, 0.94, 0.93, 0.92, 0.92, 0.92, 0.91, 0.91, 0.91, 0.91, 0.91, 0.91, 0.91, 0.91, 0.91
accu_train: 0.98 (n=11, n_profile=800, n_distinct=594, t=911556)
nv, 5, 7, 9, 11, 13, 15, 17, 19, 21, 23, 25, 27, 29, 31, 33
Baldwin, 0.98, 0.97, 0.96, 0.96, 0.96, 0.96, 0.96, 0.96, 0.96, 0.96, 0.96, 0.96, 0.96, 0.95, 0.96
accu_train: 0.96 (n=11, n_profile=900, n_distinct=623, t=699093)
nv, 5, 7, 9, 11, 13, 15, 17, 19, 21, 23, 25, 27, 29, 31, 33
Baldwin, 0.99, 0.96, 0.95, 0.95, 0.94, 0.94, 0.94, 0.94, 0.94, 0.93, 0.93, 0.93, 0.93, 0.93, 0.93
accu_train: 0.97 (n=11, n_profile=1000, n_distinct=699, t=821689)
nv, 5, 7, 9, 11, 13, 15, 17, 19, 21, 23, 25, 27, 29, 31, 33
Baldwin, 0.97, 0.96, 0.96, 0.95, 0.95, 0.94, 0.94, 0.94, 0.94, 0.94, 0.94, 0.94, 0.94, 0.94, 0.94
accu_train: 0.84 (n=13, n_profile=100, n_distinct=93, t=6524)
nv, 5, 7, 9, 11, 13, 15, 17, 19, 21, 23, 25, 27, 29, 31, 33
Baldwin, 0.89, 0.87, 0.87, 0.87, 0.86, 0.86, 0.86, 0.86, 0.86, 0.86, 0.86, 0.86, 0.86, 0.85, 0.85
accu_train: 0.91 (n=13, n_profile=200, n_distinct=189, t=27047)
nv, 5, 7, 9, 11, 13, 15, 17, 19, 21, 23, 25, 27, 29, 31, 33
Baldwin, 0.87, 0.86, 0.86, 0.85, 0.85, 0.85, 0.84, 0.84, 0.84, 0.84, 0.84, 0.85, 0.85, 0.84, 0.84
accu_train: 0.91 (n=13, n_profile=300, n_distinct=275, t=71857)
nv, 5, 7, 9, 11, 13, 15, 17, 19, 21, 23, 25, 27, 29, 31, 33
Baldwin, 0.93, 0.92, 0.91, 0.90, 0.90, 0.90, 0.90, 0.89, 0.89, 0.89, 0.89, 0.89, 0.89, 0.89, 0.89
accu_train: 0.95 (n=13, n_profile=400, n_distinct=354, t=150727)
nv, 5, 7, 9, 11, 13, 15, 17, 19, 21, 23, 25, 27, 29, 31, 33
Baldwin, 0.98, 0.97, 0.95, 0.95, 0.94, 0.94, 0.93, 0.93, 0.93, 0.93, 0.92, 0.92, 0.92, 0.92, 0.92
accu_train: 0.90 (n=13, n_profile=500, n_distinct=432, t=220107)
nv, 5, 7, 9, 11, 13, 15, 17, 19, 21, 23, 25, 27, 29, 31, 33
Baldwin, 0.91, 0.91, 0.91, 0.89, 0.89, 0.89, 0.89, 0.89, 0.89, 0.89, 0.89, 0.89, 0.89, 0.89, 0.89
accu_train: 0.92 (n=13, n_profile=600, n_distinct=507, t=359126)
nv, 5, 7, 9, 11, 13, 15, 17, 19, 21, 23, 25, 27, 29, 31, 33
Baldwin, 0.95, 0.94, 0.93, 0.93, 0.92, 0.91, 0.91, 0.91, 0.91, 0.91, 0.91, 0.91, 0.91, 0.90, 0.90
accu_train: 0.97 (n=13, n_profile=700, n_distinct=573, t=408827)
nv, 5, 7, 9, 11, 13, 15, 17, 19, 21, 23, 25, 27, 29, 31, 33
Baldwin, 0.96, 0.95, 0.95, 0.95, 0.94, 0.94, 0.94, 0.94, 0.93, 0.93, 0.93, 0.92, 0.92, 0.92, 0.92
accu_train: 0.94 (n=13, n_profile=800, n_distinct=617, t=565919)
nv, 5, 7, 9, 11, 13, 15, 17, 19, 21, 23, 25, 27, 29, 31, 33
Baldwin, 0.94, 0.94, 0.93, 0.92, 0.91, 0.91, 0.91, 0.91, 0.91, 0.91, 0.91, 0.91, 0.91, 0.91, 0.91
accu_train: 0.94 (n=13, n_profile=900, n_distinct=700, t=739744)
nv, 5, 7, 9, 11, 13, 15, 17, 19, 21, 23, 25, 27, 29, 31, 33
Baldwin, 0.96, 0.95, 0.95, 0.93, 0.93, 0.92, 0.92, 0.92, 0.92, 0.92, 0.92, 0.92, 0.92, 0.92, 0.92
accu_train: 0.94 (n=13, n_profile=1000, n_distinct=738, t=971403)
nv, 5, 7, 9, 11, 13, 15, 17, 19, 21, 23, 25, 27, 29, 31, 33
Baldwin, 0.98, 0.96, 0.94, 0.94, 0.94, 0.94, 0.93, 0.93, 0.93, 0.93, 0.93, 0.93, 0.93, 0.93, 0.93
accu_train: 0.89 (n=15, n_profile=100, n_distinct=97, t=6423)
nv, 5, 7, 9, 11, 13, 15, 17, 19, 21, 23, 25, 27, 29, 31, 33
Baldwin, 0.87, 0.85, 0.83, 0.83, 0.83, 0.82, 0.82, 0.82, 0.82, 0.82, 0.82, 0.82, 0.82, 0.82, 0.82
accu_train: 0.91 (n=15, n_profile=200, n_distinct=189, t=26657)
nv, 5, 7, 9, 11, 13, 15, 17, 19, 21, 23, 25, 27, 29, 31, 33
Baldwin, 0.88, 0.88, 0.88, 0.87, 0.87, 0.86, 0.87, 0.86, 0.86, 0.86, 0.86, 0.86, 0.86, 0.86, 0.86
accu_train: 0.94 (n=15, n_profile=300, n_distinct=280, t=64173)
nv, 5, 7, 9, 11, 13, 15, 17, 19, 21, 23, 25, 27, 29, 31, 33
Baldwin, 0.93, 0.93, 0.92, 0.92, 0.91, 0.91, 0.91, 0.91, 0.91, 0.91, 0.91, 0.91, 0.91, 0.91, 0.91
accu_train: 0.92 (n=15, n_profile=400, n_distinct=360, t=128722)
nv, 5, 7, 9, 11, 13, 15, 17, 19, 21, 23, 25, 27, 29, 31, 33
Baldwin, 0.89, 0.88, 0.87, 0.87, 0.87, 0.87, 0.87, 0.87, 0.87, 0.87, 0.87, 0.87, 0.87, 0.87, 0.87
accu_train: 0.91 (n=15, n_profile=500, n_distinct=442, t=293808)
nv, 5, 7, 9, 11, 13, 15, 17, 19, 21, 23, 25, 27, 29, 31, 33
Baldwin, 0.95, 0.90, 0.89, 0.89, 0.88, 0.88, 0.88, 0.88, 0.88, 0.88, 0.88, 0.88, 0.88, 0.88, 0.88
accu_train: 0.91 (n=15, n_profile=600, n_distinct=526, t=361307)
nv, 5, 7, 9, 11, 13, 15, 17, 19, 21, 23, 25, 27, 29, 31, 33
Baldwin, 0.94, 0.94, 0.92, 0.91, 0.91, 0.91, 0.90, 0.91, 0.90, 0.90, 0.90, 0.90, 0.90, 0.90, 0.90
accu_train: 0.93 (n=15, n_profile=700, n_distinct=591, t=450732)
nv, 5, 7, 9, 11, 13, 15, 17, 19, 21, 23, 25, 27, 29, 31, 33
Baldwin, 0.95, 0.94, 0.93, 0.93, 0.93, 0.92, 0.93, 0.92, 0.92, 0.92, 0.92, 0.92, 0.92, 0.92, 0.92
accu_train: 0.90 (n=15, n_profile=800, n_distinct=671, t=640541)
nv, 5, 7, 9, 11, 13, 15, 17, 19, 21, 23, 25, 27, 29, 31, 33
Baldwin, 0.93, 0.92, 0.91, 0.90, 0.90, 0.90, 0.90, 0.90, 0.90, 0.89, 0.89, 0.89, 0.89, 0.89, 0.89
accu_train: 0.94 (n=15, n_profile=900, n_distinct=753, t=857394)
nv, 5, 7, 9, 11, 13, 15, 17, 19, 21, 23, 25, 27, 29, 31, 33
Baldwin, 0.94, 0.93, 0.92, 0.91, 0.90, 0.90, 0.90, 0.90, 0.90, 0.90, 0.90, 0.90, 0.90, 0.90, 0.90
accu_train: 0.90 (n=15, n_profile=1000, n_distinct=808, t=1113548)
nv, 5, 7, 9, 11, 13, 15, 17, 19, 21, 23, 25, 27, 29, 31, 33
Baldwin, 0.95, 0.94, 0.92, 0.91, 0.91, 0.91, 0.91, 0.90, 0.90, 0.90, 0.90, 0.90, 0.90, 0.90, 0.90
