accu_train: 0.96 (n=5, n_profile=100, n_distinct=79, t=4276)
nv, 5, 7, 9, 11, 13, 15, 17, 19, 21, 23, 25, 27, 29, 31, 33
Condorcet, 0.94, 0.92, 0.91, 0.91, 0.90, 0.90, 0.90, 0.90, 0.90, 0.90, 0.90, 0.90, 0.90, 0.90, 0.90
accu_train: 1.00 (n=5, n_profile=200, n_distinct=121, t=14685)
nv, 5, 7, 9, 11, 13, 15, 17, 19, 21, 23, 25, 27, 29, 31, 33
Condorcet, 1.00, 0.99, 0.98, 0.98, 0.98, 0.98, 0.98, 0.98, 0.98, 0.98, 0.98, 0.98, 0.98, 0.98, 0.98
accu_train: 0.97 (n=7, n_profile=100, n_distinct=87, t=4186)
nv, 5, 7, 9, 11, 13, 15, 17, 19, 21, 23, 25, 27, 29, 31, 33
Condorcet, 0.93, 0.92, 0.91, 0.90, 0.90, 0.90, 0.90, 0.90, 0.90, 0.90, 0.90, 0.90, 0.90, 0.90, 0.90
accu_train: 0.98 (n=7, n_profile=200, n_distinct=148, t=16979)
nv, 5, 7, 9, 11, 13, 15, 17, 19, 21, 23, 25, 27, 29, 31, 33
Condorcet, 0.90, 0.91, 0.90, 0.89, 0.89, 0.90, 0.89, 0.89, 0.89, 0.89, 0.89, 0.89, 0.89, 0.89, 0.89
accu_train: 0.98 (n=7, n_profile=300, n_distinct=225, t=41668)
nv, 5, 7, 9, 11, 13, 15, 17, 19, 21, 23, 25, 27, 29, 31, 33
Condorcet, 0.97, 0.96, 0.96, 0.95, 0.95, 0.95, 0.95, 0.95, 0.95, 0.95, 0.95, 0.95, 0.95, 0.95, 0.95
accu_train: 0.98 (n=7, n_profile=400, n_distinct=256, t=73225)
nv, 5, 7, 9, 11, 13, 15, 17, 19, 21, 23, 25, 27, 29, 31, 33
Condorcet, 0.96, 0.96, 0.96, 0.95, 0.95, 0.95, 0.95, 0.95, 0.95, 0.95, 0.95, 0.95, 0.95, 0.95, 0.95
accu_train: 0.97 (n=7, n_profile=500, n_distinct=308, t=157562)
nv, 5, 7, 9, 11, 13, 15, 17, 19, 21, 23, 25, 27, 29, 31, 33
Condorcet, 0.97, 0.97, 0.94, 0.94, 0.93, 0.93, 0.93, 0.93, 0.92, 0.92, 0.92, 0.92, 0.92, 0.92, 0.92
accu_train: 0.99 (n=7, n_profile=600, n_distinct=308, t=180939)
nv, 5, 7, 9, 11, 13, 15, 17, 19, 21, 23, 25, 27, 29, 31, 33
Condorcet, 1.00, 0.99, 0.98, 0.97, 0.97, 0.97, 0.96, 0.96, 0.96, 0.96, 0.96, 0.96, 0.96, 0.96, 0.96
accu_train: 0.99 (n=7, n_profile=700, n_distinct=364, t=249099)
nv, 5, 7, 9, 11, 13, 15, 17, 19, 21, 23, 25, 27, 29, 31, 33
Condorcet, 0.99, 0.98, 0.97, 0.97, 0.97, 0.96, 0.96, 0.96, 0.96, 0.96, 0.96, 0.96, 0.96, 0.96, 0.96
accu_train: 0.92 (n=9, n_profile=100, n_distinct=92, t=5319)
nv, 5, 7, 9, 11, 13, 15, 17, 19, 21, 23, 25, 27, 29, 31, 33
Condorcet, 0.95, 0.94, 0.92, 0.89, 0.89, 0.89, 0.90, 0.90, 0.90, 0.90, 0.90, 0.90, 0.89, 0.89, 0.89
accu_train: 0.96 (n=9, n_profile=200, n_distinct=172, t=24078)
nv, 5, 7, 9, 11, 13, 15, 17, 19, 21, 23, 25, 27, 29, 31, 33
Condorcet, 0.93, 0.91, 0.90, 0.90, 0.89, 0.89, 0.89, 0.89, 0.89, 0.89, 0.89, 0.89, 0.89, 0.89, 0.89
accu_train: 0.94 (n=9, n_profile=300, n_distinct=252, t=60052)
nv, 5, 7, 9, 11, 13, 15, 17, 19, 21, 23, 25, 27, 29, 31, 33
Condorcet, 0.95, 0.95, 0.94, 0.93, 0.93, 0.93, 0.93, 0.93, 0.93, 0.93, 0.93, 0.93, 0.93, 0.93, 0.93
accu_train: 0.98 (n=9, n_profile=400, n_distinct=298, t=105586)
nv, 5, 7, 9, 11, 13, 15, 17, 19, 21, 23, 25, 27, 29, 31, 33
Condorcet, 0.97, 0.95, 0.95, 0.94, 0.94, 0.94, 0.94, 0.94, 0.94, 0.94, 0.94, 0.94, 0.94, 0.94, 0.94
accu_train: 0.97 (n=9, n_profile=500, n_distinct=360, t=147481)
nv, 5, 7, 9, 11, 13, 15, 17, 19, 21, 23, 25, 27, 29, 31, 33
Condorcet, 0.98, 0.97, 0.97, 0.97, 0.97, 0.96, 0.96, 0.96, 0.96, 0.96, 0.96, 0.96, 0.96, 0.96, 0.96
accu_train: 0.96 (n=9, n_profile=600, n_distinct=413, t=250331)
nv, 5, 7, 9, 11, 13, 15, 17, 19, 21, 23, 25, 27, 29, 31, 33
Condorcet, 0.98, 0.97, 0.96, 0.96, 0.96, 0.96, 0.96, 0.96, 0.96, 0.96, 0.96, 0.95, 0.95, 0.95, 0.95
accu_train: 0.99 (n=9, n_profile=700, n_distinct=444, t=304122)
nv, 5, 7, 9, 11, 13, 15, 17, 19, 21, 23, 25, 27, 29, 31, 33
Condorcet, 1.00, 1.00, 0.99, 0.97, 0.97, 0.97, 0.97, 0.98, 0.98, 0.98, 0.97, 0.97, 0.97, 0.97, 0.97
accu_train: 0.99 (n=9, n_profile=800, n_distinct=499, t=1069768)
nv, 5, 7, 9, 11, 13, 15, 17, 19, 21, 23, 25, 27, 29, 31, 33
Condorcet, 1.00, 0.99, 0.98, 0.98, 0.98, 0.97, 0.97, 0.97, 0.97, 0.97, 0.97, 0.97, 0.97, 0.97, 0.97
accu_train: 0.99 (n=9, n_profile=900, n_distinct=539, t=569301)
nv, 5, 7, 9, 11, 13, 15, 17, 19, 21, 23, 25, 27, 29, 31, 33
Condorcet, 0.99, 0.99, 0.98, 0.98, 0.98, 0.98, 0.98, 0.98, 0.98, 0.98, 0.98, 0.98, 0.98, 0.98, 0.98
accu_train: 0.97 (n=9, n_profile=1000, n_distinct=579, t=2367366)
nv, 5, 7, 9, 11, 13, 15, 17, 19, 21, 23, 25, 27, 29, 31, 33
Condorcet, 0.97, 0.97, 0.97, 0.96, 0.95, 0.95, 0.95, 0.95, 0.95, 0.95, 0.95, 0.95, 0.95, 0.95, 0.95
accu_train: 0.92 (n=11, n_profile=100, n_distinct=94, t=5950)
nv, 5, 7, 9, 11, 13, 15, 17, 19, 21, 23, 25, 27, 29, 31, 33
Condorcet, 0.86, 0.85, 0.85, 0.85, 0.85, 0.85, 0.85, 0.85, 0.85, 0.85, 0.85, 0.84, 0.85, 0.85, 0.85
accu_train: 0.96 (n=11, n_profile=200, n_distinct=188, t=28689)
nv, 5, 7, 9, 11, 13, 15, 17, 19, 21, 23, 25, 27, 29, 31, 33
Condorcet, 0.97, 0.96, 0.94, 0.94, 0.93, 0.93, 0.93, 0.93, 0.93, 0.93, 0.93, 0.93, 0.93, 0.93, 0.93
accu_train: 0.98 (n=11, n_profile=300, n_distinct=262, t=54303)
nv, 5, 7, 9, 11, 13, 15, 17, 19, 21, 23, 25, 27, 29, 31, 33
Condorcet, 0.97, 0.95, 0.93, 0.94, 0.94, 0.94, 0.93, 0.93, 0.93, 0.93, 0.93, 0.93, 0.93, 0.93, 0.93
accu_train: 0.96 (n=11, n_profile=400, n_distinct=337, t=103013)
nv, 5, 7, 9, 11, 13, 15, 17, 19, 21, 23, 25, 27, 29, 31, 33
Condorcet, 0.98, 0.99, 0.97, 0.97, 0.96, 0.95, 0.95, 0.95, 0.94, 0.94, 0.94, 0.94, 0.94, 0.94, 0.94
accu_train: 0.95 (n=11, n_profile=500, n_distinct=411, t=237879)
nv, 5, 7, 9, 11, 13, 15, 17, 19, 21, 23, 25, 27, 29, 31, 33
Condorcet, 0.96, 0.95, 0.94, 0.94, 0.93, 0.93, 0.93, 0.93, 0.93, 0.93, 0.93, 0.93, 0.93, 0.93, 0.93
accu_train: 0.97 (n=11, n_profile=600, n_distinct=463, t=291914)
nv, 5, 7, 9, 11, 13, 15, 17, 19, 21, 23, 25, 27, 29, 31, 33
Condorcet, 0.98, 0.96, 0.96, 0.96, 0.95, 0.95, 0.95, 0.95, 0.95, 0.95, 0.95, 0.95, 0.95, 0.95, 0.95
accu_train: 1.00 (n=11, n_profile=700, n_distinct=527, t=247131)
nv, 5, 7, 9, 11, 13, 15, 17, 19, 21, 23, 25, 27, 29, 31, 33
Condorcet, 1.00, 1.00, 1.00, 1.00, 1.00, 1.00, 1.00, 1.00, 1.00, 1.00, 1.00, 1.00, 1.00, 1.00, 1.00
accu_train: 0.97 (n=11, n_profile=800, n_distinct=572, t=932300)
nv, 5, 7, 9, 11, 13, 15, 17, 19, 21, 23, 25, 27, 29, 31, 33
Condorcet, 0.98, 0.98, 0.98, 0.97, 0.97, 0.97, 0.94, 0.94, 0.95, 0.95, 0.95, 0.95, 0.95, 0.95, 0.95
accu_train: 0.98 (n=11, n_profile=900, n_distinct=643, t=523260)
nv, 5, 7, 9, 11, 13, 15, 17, 19, 21, 23, 25, 27, 29, 31, 33
Condorcet, 0.98, 0.98, 0.97, 0.97, 0.97, 0.97, 0.96, 0.96, 0.96, 0.96, 0.96, 0.96, 0.96, 0.96, 0.96
accu_train: 0.98 (n=11, n_profile=1000, n_distinct=680, t=2386473)
nv, 5, 7, 9, 11, 13, 15, 17, 19, 21, 23, 25, 27, 29, 31, 33
Condorcet, 0.98, 0.97, 0.96, 0.96, 0.96, 0.96, 0.96, 0.95, 0.95, 0.95, 0.95, 0.95, 0.95, 0.95, 0.95
accu_train: 0.95 (n=13, n_profile=100, n_distinct=97, t=4961)
nv, 5, 7, 9, 11, 13, 15, 17, 19, 21, 23, 25, 27, 29, 31, 33
Condorcet, 0.96, 0.92, 0.91, 0.91, 0.91, 0.91, 0.91, 0.90, 0.90, 0.90, 0.90, 0.90, 0.90, 0.90, 0.90
accu_train: 0.96 (n=13, n_profile=200, n_distinct=192, t=23197)
nv, 5, 7, 9, 11, 13, 15, 17, 19, 21, 23, 25, 27, 29, 31, 33
Condorcet, 0.93, 0.92, 0.90, 0.90, 0.90, 0.90, 0.90, 0.90, 0.90, 0.90, 0.90, 0.90, 0.90, 0.90, 0.90
accu_train: 0.94 (n=13, n_profile=300, n_distinct=271, t=60138)
nv, 5, 7, 9, 11, 13, 15, 17, 19, 21, 23, 25, 27, 29, 31, 33
Condorcet, 0.94, 0.94, 0.93, 0.92, 0.92, 0.92, 0.92, 0.92, 0.92, 0.91, 0.91, 0.91, 0.91, 0.91, 0.91
accu_train: 0.92 (n=13, n_profile=400, n_distinct=352, t=131018)
nv, 5, 7, 9, 11, 13, 15, 17, 19, 21, 23, 25, 27, 29, 31, 33
Condorcet, 0.90, 0.92, 0.89, 0.89, 0.89, 0.89, 0.89, 0.88, 0.89, 0.89, 0.88, 0.89, 0.88, 0.88, 0.89
accu_train: 0.95 (n=13, n_profile=500, n_distinct=445, t=281801)
nv, 5, 7, 9, 11, 13, 15, 17, 19, 21, 23, 25, 27, 29, 31, 33
Condorcet, 0.96, 0.94, 0.94, 0.93, 0.93, 0.93, 0.93, 0.93, 0.93, 0.92, 0.92, 0.92, 0.92, 0.92, 0.92
accu_train: 0.97 (n=13, n_profile=600, n_distinct=513, t=248864)
nv, 5, 7, 9, 11, 13, 15, 17, 19, 21, 23, 25, 27, 29, 31, 33
Condorcet, 0.98, 0.96, 0.95, 0.95, 0.95, 0.94, 0.94, 0.94, 0.94, 0.94, 0.94, 0.94, 0.94, 0.94, 0.94
accu_train: 0.95 (n=13, n_profile=700, n_distinct=576, t=396056)
nv, 5, 7, 9, 11, 13, 15, 17, 19, 21, 23, 25, 27, 29, 31, 33
Condorcet, 1.00, 0.98, 0.98, 0.98, 0.96, 0.94, 0.94, 0.94, 0.94, 0.94, 0.94, 0.95, 0.95, 0.95, 0.95
accu_train: 0.95 (n=13, n_profile=800, n_distinct=647, t=482642)
nv, 5, 7, 9, 11, 13, 15, 17, 19, 21, 23, 25, 27, 29, 31, 33
Condorcet, 0.99, 0.99, 0.98, 0.97, 0.96, 0.95, 0.95, 0.95, 0.95, 0.95, 0.95, 0.95, 0.95, 0.95, 0.95
accu_train: 0.97 (n=13, n_profile=900, n_distinct=704, t=632879)
nv, 5, 7, 9, 11, 13, 15, 17, 19, 21, 23, 25, 27, 29, 31, 33
Condorcet, 0.97, 0.96, 0.95, 0.95, 0.95, 0.95, 0.95, 0.95, 0.95, 0.95, 0.95, 0.95, 0.95, 0.95, 0.95
accu_train: 0.98 (n=13, n_profile=1000, n_distinct=750, t=623173)
nv, 5, 7, 9, 11, 13, 15, 17, 19, 21, 23, 25, 27, 29, 31, 33
Condorcet, 0.99, 0.97, 0.97, 0.97, 0.97, 0.97, 0.96, 0.96, 0.96, 0.96, 0.96, 0.96, 0.96, 0.96, 0.96
accu_train: 0.92 (n=15, n_profile=100, n_distinct=98, t=5707)
nv, 5, 7, 9, 11, 13, 15, 17, 19, 21, 23, 25, 27, 29, 31, 33
Condorcet, 0.89, 0.88, 0.88, 0.87, 0.88, 0.87, 0.87, 0.87, 0.87, 0.87, 0.87, 0.87, 0.87, 0.87, 0.87
accu_train: 0.91 (n=15, n_profile=200, n_distinct=193, t=27054)
nv, 5, 7, 9, 11, 13, 15, 17, 19, 21, 23, 25, 27, 29, 31, 33
Condorcet, 0.93, 0.92, 0.91, 0.91, 0.91, 0.91, 0.91, 0.91, 0.91, 0.91, 0.90, 0.90, 0.90, 0.90, 0.90
accu_train: 0.96 (n=15, n_profile=300, n_distinct=280, t=58859)
nv, 5, 7, 9, 11, 13, 15, 17, 19, 21, 23, 25, 27, 29, 31, 33
Condorcet, 0.96, 0.94, 0.94, 0.94, 0.93, 0.92, 0.90, 0.90, 0.90, 0.91, 0.91, 0.91, 0.91, 0.91, 0.91
accu_train: 0.94 (n=15, n_profile=400, n_distinct=360, t=119774)
nv, 5, 7, 9, 11, 13, 15, 17, 19, 21, 23, 25, 27, 29, 31, 33
Condorcet, 0.94, 0.93, 0.92, 0.92, 0.91, 0.91, 0.91, 0.91, 0.90, 0.90, 0.90, 0.90, 0.90, 0.90, 0.90
accu_train: 0.92 (n=15, n_profile=500, n_distinct=443, t=218675)
nv, 5, 7, 9, 11, 13, 15, 17, 19, 21, 23, 25, 27, 29, 31, 33
Condorcet, 0.93, 0.91, 0.91, 0.90, 0.90, 0.90, 0.90, 0.90, 0.90, 0.90, 0.90, 0.90, 0.90, 0.90, 0.90
accu_train: 0.94 (n=15, n_profile=600, n_distinct=533, t=354005)
nv, 5, 7, 9, 11, 13, 15, 17, 19, 21, 23, 25, 27, 29, 31, 33
Condorcet, 0.97, 0.94, 0.93, 0.93, 0.93, 0.92, 0.92, 0.92, 0.92, 0.92, 0.92, 0.92, 0.92, 0.92, 0.92
accu_train: 0.94 (n=15, n_profile=700, n_distinct=598, t=436917)
nv, 5, 7, 9, 11, 13, 15, 17, 19, 21, 23, 25, 27, 29, 31, 33
Condorcet, 0.94, 0.93, 0.93, 0.93, 0.92, 0.92, 0.92, 0.92, 0.92, 0.92, 0.92, 0.92, 0.92, 0.92, 0.92
accu_train: 0.96 (n=15, n_profile=800, n_distinct=685, t=575897)
nv, 5, 7, 9, 11, 13, 15, 17, 19, 21, 23, 25, 27, 29, 31, 33
Condorcet, 0.98, 0.97, 0.96, 0.96, 0.96, 0.96, 0.96, 0.95, 0.95, 0.95, 0.95, 0.95, 0.95, 0.95, 0.95
accu_train: 0.95 (n=15, n_profile=900, n_distinct=749, t=649926)
nv, 5, 7, 9, 11, 13, 15, 17, 19, 21, 23, 25, 27, 29, 31, 33
Condorcet, 0.98, 0.96, 0.96, 0.95, 0.95, 0.94, 0.94, 0.94, 0.94, 0.94, 0.94, 0.94, 0.94, 0.94, 0.94
accu_train: 0.97 (n=15, n_profile=1000, n_distinct=828, t=812018)
nv, 5, 7, 9, 11, 13, 15, 17, 19, 21, 23, 25, 27, 29, 31, 33
Condorcet, 0.97, 0.95, 0.95, 0.94, 0.94, 0.94, 0.94, 0.94, 0.94, 0.94, 0.94, 0.93, 0.93, 0.93, 0.93
