accu_train: 0.98 (n=5, n_profile=100, n_distinct=72, t=4563)
nv, 5, 7, 9, 11, 13, 15, 17, 19, 21, 23, 25, 27, 29, 31, 33
PairMargin, 0.90, 0.91, 0.87, 0.88, 0.86, 0.87, 0.88, 0.86, 0.87, 0.86, 0.87, 0.87, 0.86, 0.87, 0.86
accu_train: 0.96 (n=5, n_profile=200, n_distinct=102, t=17005)
nv, 5, 7, 9, 11, 13, 15, 17, 19, 21, 23, 25, 27, 29, 31, 33
PairMargin, 0.95, 0.93, 0.93, 0.93, 0.93, 0.92, 0.92, 0.92, 0.92, 0.92, 0.92, 0.92, 0.92, 0.92, 0.92
accu_train: 0.89 (n=7, n_profile=100, n_distinct=89, t=5495)
nv, 5, 7, 9, 11, 13, 15, 17, 19, 21, 23, 25, 27, 29, 31, 33
PairMargin, 0.90, 0.87, 0.87, 0.87, 0.86, 0.87, 0.86, 0.86, 0.86, 0.86, 0.86, 0.86, 0.86, 0.86, 0.86
accu_train: 0.95 (n=7, n_profile=200, n_distinct=151, t=21490)
nv, 5, 7, 9, 11, 13, 15, 17, 19, 21, 23, 25, 27, 29, 31, 33
PairMargin, 0.89, 0.90, 0.89, 0.89, 0.89, 0.89, 0.89, 0.89, 0.89, 0.89, 0.89, 0.89, 0.89, 0.89, 0.89
accu_train: 0.97 (n=7, n_profile=300, n_distinct=217, t=54123)
nv, 5, 7, 9, 11, 13, 15, 17, 19, 21, 23, 25, 27, 29, 31, 33
PairMargin, 0.95, 0.94, 0.94, 0.94, 0.94, 0.94, 0.94, 0.94, 0.94, 0.94, 0.94, 0.94, 0.94, 0.94, 0.94
accu_train: 0.94 (n=7, n_profile=400, n_distinct=265, t=102647)
nv, 5, 7, 9, 11, 13, 15, 17, 19, 21, 23, 25, 27, 29, 31, 33
PairMargin, 0.93, 0.92, 0.91, 0.91, 0.91, 0.90, 0.90, 0.90, 0.90, 0.90, 0.90, 0.90, 0.90, 0.90, 0.90
accu_train: 0.95 (n=7, n_profile=500, n_distinct=290, t=287706)
nv, 5, 7, 9, 11, 13, 15, 17, 19, 21, 23, 25, 27, 29, 31, 33
PairMargin, 0.94, 0.93, 0.92, 0.91, 0.92, 0.90, 0.91, 0.90, 0.91, 0.91, 0.91, 0.91, 0.90, 0.90, 0.90
accu_train: 0.94 (n=7, n_profile=600, n_distinct=326, t=297308)
nv, 5, 7, 9, 11, 13, 15, 17, 19, 21, 23, 25, 27, 29, 31, 33
PairMargin, 0.95, 0.96, 0.94, 0.95, 0.94, 0.94, 0.94, 0.94, 0.94, 0.93, 0.94, 0.94, 0.94, 0.94, 0.94
accu_train: 0.95 (n=7, n_profile=700, n_distinct=345, t=343541)
nv, 5, 7, 9, 11, 13, 15, 17, 19, 21, 23, 25, 27, 29, 31, 33
PairMargin, 0.95, 0.95, 0.94, 0.94, 0.94, 0.93, 0.93, 0.93, 0.93, 0.93, 0.93, 0.93, 0.93, 0.93, 0.93
accu_train: 0.90 (n=9, n_profile=100, n_distinct=88, t=5644)
nv, 5, 7, 9, 11, 13, 15, 17, 19, 21, 23, 25, 27, 29, 31, 33
PairMargin, 0.86, 0.87, 0.86, 0.86, 0.86, 0.86, 0.86, 0.86, 0.86, 0.86, 0.86, 0.86, 0.86, 0.86, 0.86
accu_train: 0.93 (n=9, n_profile=200, n_distinct=171, t=29929)
nv, 5, 7, 9, 11, 13, 15, 17, 19, 21, 23, 25, 27, 29, 31, 33
PairMargin, 0.92, 0.92, 0.91, 0.90, 0.90, 0.90, 0.90, 0.90, 0.90, 0.90, 0.90, 0.90, 0.89, 0.89, 0.89
accu_train: 0.93 (n=9, n_profile=300, n_distinct=233, t=62984)
nv, 5, 7, 9, 11, 13, 15, 17, 19, 21, 23, 25, 27, 29, 31, 33
PairMargin, 0.89, 0.89, 0.90, 0.89, 0.89, 0.89, 0.89, 0.89, 0.89, 0.89, 0.89, 0.89, 0.89, 0.89, 0.89
accu_train: 0.93 (n=9, n_profile=400, n_distinct=303, t=143343)
nv, 5, 7, 9, 11, 13, 15, 17, 19, 21, 23, 25, 27, 29, 31, 33
PairMargin, 0.94, 0.94, 0.93, 0.93, 0.92, 0.92, 0.92, 0.92, 0.92, 0.92, 0.92, 0.92, 0.92, 0.92, 0.92
accu_train: 0.94 (n=9, n_profile=500, n_distinct=365, t=228547)
nv, 5, 7, 9, 11, 13, 15, 17, 19, 21, 23, 25, 27, 29, 31, 33
PairMargin, 0.93, 0.93, 0.93, 0.93, 0.93, 0.93, 0.93, 0.93, 0.93, 0.93, 0.93, 0.93, 0.93, 0.93, 0.93
accu_train: 0.94 (n=9, n_profile=600, n_distinct=404, t=357843)
nv, 5, 7, 9, 11, 13, 15, 17, 19, 21, 23, 25, 27, 29, 31, 33
PairMargin, 0.93, 0.93, 0.93, 0.93, 0.92, 0.93, 0.93, 0.92, 0.93, 0.93, 0.92, 0.93, 0.93, 0.92, 0.92
accu_train: 0.94 (n=9, n_profile=700, n_distinct=447, t=415263)
nv, 5, 7, 9, 11, 13, 15, 17, 19, 21, 23, 25, 27, 29, 31, 33
PairMargin, 0.95, 0.95, 0.95, 0.94, 0.94, 0.94, 0.94, 0.94, 0.94, 0.94, 0.94, 0.94, 0.94, 0.94, 0.94
accu_train: 0.94 (n=9, n_profile=800, n_distinct=521, t=1135563)
nv, 5, 7, 9, 11, 13, 15, 17, 19, 21, 23, 25, 27, 29, 31, 33
PairMargin, 0.95, 0.94, 0.95, 0.94, 0.94, 0.94, 0.94, 0.94, 0.94, 0.94, 0.94, 0.94, 0.94, 0.94, 0.94
accu_train: 0.97 (n=9, n_profile=900, n_distinct=521, t=700986)
nv, 5, 7, 9, 11, 13, 15, 17, 19, 21, 23, 25, 27, 29, 31, 33
PairMargin, 0.96, 0.96, 0.96, 0.95, 0.95, 0.96, 0.95, 0.95, 0.95, 0.95, 0.95, 0.95, 0.95, 0.95, 0.95
accu_train: 0.96 (n=9, n_profile=1000, n_distinct=584, t=1016474)
nv, 5, 7, 9, 11, 13, 15, 17, 19, 21, 23, 25, 27, 29, 31, 33
PairMargin, 0.98, 0.96, 0.96, 0.95, 0.95, 0.95, 0.95, 0.95, 0.95, 0.95, 0.95, 0.95, 0.95, 0.95, 0.95
accu_train: 0.92 (n=11, n_profile=100, n_distinct=91, t=7005)
nv, 5, 7, 9, 11, 13, 15, 17, 19, 21, 23, 25, 27, 29, 31, 33
PairMargin, 0.85, 0.86, 0.85, 0.85, 0.85, 0.85, 0.85, 0.85, 0.85, 0.85, 0.85, 0.85, 0.85, 0.85, 0.85
accu_train: 0.96 (n=11, n_profile=200, n_distinct=178, t=24945)
nv, 5, 7, 9, 11, 13, 15, 17, 19, 21, 23, 25, 27, 29, 31, 33
PairMargin, 0.95, 0.94, 0.94, 0.94, 0.94, 0.94, 0.94, 0.94, 0.94, 0.94, 0.94, 0.94, 0.94, 0.94, 0.94
accu_train: 0.93 (n=11, n_profile=300, n_distinct=248, t=68525)
nv, 5, 7, 9, 11, 13, 15, 17, 19, 21, 23, 25, 27, 29, 31, 33
PairMargin, 0.95, 0.94, 0.95, 0.94, 0.94, 0.94, 0.94, 0.94, 0.94, 0.94, 0.94, 0.94, 0.94, 0.94, 0.94
accu_train: 0.96 (n=11, n_profile=400, n_distinct=326, t=139572)
nv, 5, 7, 9, 11, 13, 15, 17, 19, 21, 23, 25, 27, 29, 31, 33
PairMargin, 0.93, 0.93, 0.93, 0.93, 0.92, 0.92, 0.92, 0.92, 0.92, 0.92, 0.92, 0.92, 0.92, 0.92, 0.92
accu_train: 0.95 (n=11, n_profile=500, n_distinct=409, t=288481)
nv, 5, 7, 9, 11, 13, 15, 17, 19, 21, 23, 25, 27, 29, 31, 33
PairMargin, 0.96, 0.96, 0.94, 0.95, 0.95, 0.95, 0.95, 0.95, 0.95, 0.94, 0.94, 0.94, 0.94, 0.94, 0.94
accu_train: 0.97 (n=11, n_profile=600, n_distinct=451, t=321154)
nv, 5, 7, 9, 11, 13, 15, 17, 19, 21, 23, 25, 27, 29, 31, 33
PairMargin, 0.96, 0.95, 0.94, 0.94, 0.94, 0.94, 0.94, 0.94, 0.94, 0.94, 0.94, 0.94, 0.94, 0.94, 0.94
accu_train: 0.96 (n=11, n_profile=700, n_distinct=499, t=386322)
nv, 5, 7, 9, 11, 13, 15, 17, 19, 21, 23, 25, 27, 29, 31, 33
PairMargin, 0.96, 0.95, 0.95, 0.95, 0.95, 0.94, 0.94, 0.94, 0.94, 0.94, 0.94, 0.94, 0.94, 0.94, 0.94
accu_train: 0.95 (n=11, n_profile=800, n_distinct=558, t=536411)
nv, 5, 7, 9, 11, 13, 15, 17, 19, 21, 23, 25, 27, 29, 31, 33
PairMargin, 0.97, 0.95, 0.95, 0.94, 0.94, 0.94, 0.94, 0.94, 0.94, 0.94, 0.94, 0.94, 0.94, 0.94, 0.94
accu_train: 0.97 (n=11, n_profile=900, n_distinct=640, t=688006)
nv, 5, 7, 9, 11, 13, 15, 17, 19, 21, 23, 25, 27, 29, 31, 33
PairMargin, 0.95, 0.96, 0.96, 0.95, 0.95, 0.95, 0.95, 0.95, 0.95, 0.95, 0.95, 0.95, 0.95, 0.95, 0.95
accu_train: 0.96 (n=11, n_profile=1000, n_distinct=681, t=969385)
nv, 5, 7, 9, 11, 13, 15, 17, 19, 21, 23, 25, 27, 29, 31, 33
PairMargin, 0.97, 0.97, 0.97, 0.96, 0.96, 0.96, 0.96, 0.96, 0.96, 0.96, 0.95, 0.95, 0.96, 0.96, 0.95
accu_train: 0.89 (n=13, n_profile=100, n_distinct=97, t=6110)
nv, 5, 7, 9, 11, 13, 15, 17, 19, 21, 23, 25, 27, 29, 31, 33
PairMargin, 0.86, 0.85, 0.85, 0.85, 0.85, 0.85, 0.85, 0.85, 0.85, 0.85, 0.85, 0.85, 0.85, 0.85, 0.85
accu_train: 0.94 (n=13, n_profile=200, n_distinct=186, t=25103)
nv, 5, 7, 9, 11, 13, 15, 17, 19, 21, 23, 25, 27, 29, 31, 33
PairMargin, 0.92, 0.91, 0.91, 0.91, 0.91, 0.91, 0.91, 0.91, 0.91, 0.90, 0.90, 0.90, 0.90, 0.90, 0.90
accu_train: 0.95 (n=13, n_profile=300, n_distinct=266, t=68006)
nv, 5, 7, 9, 11, 13, 15, 17, 19, 21, 23, 25, 27, 29, 31, 33
PairMargin, 0.93, 0.93, 0.93, 0.93, 0.93, 0.93, 0.93, 0.93, 0.93, 0.93, 0.93, 0.93, 0.93, 0.93, 0.93
accu_train: 0.91 (n=13, n_profile=400, n_distinct=349, t=146758)
nv, 5, 7, 9, 11, 13, 15, 17, 19, 21, 23, 25, 27, 29, 31, 33
PairMargin, 0.90, 0.91, 0.89, 0.89, 0.89, 0.89, 0.89, 0.89, 0.89, 0.89, 0.89, 0.89, 0.89, 0.89, 0.89
accu_train: 0.95 (n=13, n_profile=500, n_distinct=420, t=202051)
nv, 5, 7, 9, 11, 13, 15, 17, 19, 21, 23, 25, 27, 29, 31, 33
PairMargin, 0.94, 0.94, 0.94, 0.94, 0.94, 0.94, 0.94, 0.94, 0.94, 0.94, 0.94, 0.94, 0.94, 0.94, 0.94
accu_train: 0.95 (n=13, n_profile=600, n_distinct=507, t=339576)
nv, 5, 7, 9, 11, 13, 15, 17, 19, 21, 23, 25, 27, 29, 31, 33
PairMargin, 0.90, 0.93, 0.92, 0.91, 0.92, 0.91, 0.91, 0.91, 0.91, 0.91, 0.91, 0.91, 0.91, 0.91, 0.91
accu_train: 0.96 (n=13, n_profile=700, n_distinct=573, t=418172)
nv, 5, 7, 9, 11, 13, 15, 17, 19, 21, 23, 25, 27, 29, 31, 33
PairMargin, 0.94, 0.94, 0.93, 0.93, 0.93, 0.93, 0.93, 0.93, 0.93, 0.93, 0.93, 0.93, 0.93, 0.93, 0.93
accu_train: 0.93 (n=13, n_profile=800, n_distinct=614, t=639074)
nv, 5, 7, 9, 11, 13, 15, 17, 19, 21, 23, 25, 27, 29, 31, 33
PairMargin, 0.92, 0.92, 0.92, 0.92, 0.92, 0.92, 0.92, 0.92, 0.92, 0.92, 0.92, 0.92, 0.92, 0.92, 0.92
accu_train: 0.95 (n=13, n_profile=900, n_distinct=682, t=768602)
nv, 5, 7, 9, 11, 13, 15, 17, 19, 21, 23, 25, 27, 29, 31, 33
PairMargin, 0.94, 0.93, 0.93, 0.93, 0.93, 0.93, 0.93, 0.93, 0.93, 0.93, 0.93, 0.93, 0.93, 0.93, 0.93
accu_train: 0.94 (n=13, n_profile=1000, n_distinct=763, t=991762)
nv, 5, 7, 9, 11, 13, 15, 17, 19, 21, 23, 25, 27, 29, 31, 33
PairMargin, 0.94, 0.93, 0.93, 0.93, 0.93, 0.93, 0.93, 0.93, 0.93, 0.93, 0.93, 0.93, 0.93, 0.93, 0.93
accu_train: 0.87 (n=15, n_profile=100, n_distinct=94, t=6340)
nv, 5, 7, 9, 11, 13, 15, 17, 19, 21, 23, 25, 27, 29, 31, 33
PairMargin, 0.88, 0.87, 0.87, 0.87, 0.87, 0.87, 0.87, 0.87, 0.87, 0.87, 0.87, 0.87, 0.86, 0.86, 0.86
accu_train: 0.93 (n=15, n_profile=200, n_distinct=183, t=24856)
nv, 5, 7, 9, 11, 13, 15, 17, 19, 21, 23, 25, 27, 29, 31, 33
PairMargin, 0.90, 0.87, 0.88, 0.88, 0.88, 0.88, 0.87, 0.88, 0.88, 0.87, 0.88, 0.87, 0.88, 0.88, 0.87
accu_train: 0.95 (n=15, n_profile=300, n_distinct=274, t=58084)
nv, 5, 7, 9, 11, 13, 15, 17, 19, 21, 23, 25, 27, 29, 31, 33
PairMargin, 0.94, 0.94, 0.94, 0.93, 0.93, 0.93, 0.93, 0.93, 0.93, 0.93, 0.93, 0.93, 0.93, 0.93, 0.93
accu_train: 0.95 (n=15, n_profile=400, n_distinct=368, t=113635)
nv, 5, 7, 9, 11, 13, 15, 17, 19, 21, 23, 25, 27, 29, 31, 33
PairMargin, 0.93, 0.93, 0.94, 0.93, 0.92, 0.93, 0.93, 0.92, 0.92, 0.92, 0.92, 0.92, 0.92, 0.92, 0.92
accu_train: 0.92 (n=15, n_profile=500, n_distinct=445, t=240884)
nv, 5, 7, 9, 11, 13, 15, 17, 19, 21, 23, 25, 27, 29, 31, 33
PairMargin, 0.90, 0.92, 0.90, 0.90, 0.90, 0.90, 0.90, 0.90, 0.90, 0.90, 0.90, 0.90, 0.90, 0.90, 0.90
accu_train: 0.96 (n=15, n_profile=600, n_distinct=519, t=441250)
nv, 5, 7, 9, 11, 13, 15, 17, 19, 21, 23, 25, 27, 29, 31, 33
PairMargin, 0.95, 0.94, 0.95, 0.95, 0.95, 0.95, 0.95, 0.95, 0.95, 0.95, 0.95, 0.95, 0.95, 0.95, 0.95
accu_train: 0.94 (n=15, n_profile=700, n_distinct=595, t=701953)
nv, 5, 7, 9, 11, 13, 15, 17, 19, 21, 23, 25, 27, 29, 31, 33
PairMargin, 0.93, 0.92, 0.91, 0.91, 0.91, 0.91, 0.91, 0.91, 0.91, 0.91, 0.91, 0.91, 0.91, 0.91, 0.91
accu_train: 0.96 (n=15, n_profile=800, n_distinct=668, t=577822)
nv, 5, 7, 9, 11, 13, 15, 17, 19, 21, 23, 25, 27, 29, 31, 33
PairMargin, 0.96, 0.97, 0.97, 0.97, 0.97, 0.97, 0.97, 0.97, 0.97, 0.97, 0.97, 0.97, 0.97, 0.97, 0.97
accu_train: 0.93 (n=15, n_profile=900, n_distinct=736, t=878938)
nv, 5, 7, 9, 11, 13, 15, 17, 19, 21, 23, 25, 27, 29, 31, 33
PairMargin, 0.91, 0.92, 0.92, 0.92, 0.92, 0.92, 0.92, 0.92, 0.92, 0.92, 0.92, 0.92, 0.92, 0.92, 0.92
