accu_train: 0.94 (n=5, n_profile=100, n_distinct=66, t=4948)
nv, 5, 7, 9, 11, 13, 15, 17, 19, 21, 23, 25, 27, 29, 31, 33
OklahomaVoting, 0.91, 0.91, 0.91, 0.91, 0.92, 0.92, 0.92, 0.92, 0.92, 0.92, 0.92, 0.92, 0.92, 0.93, 0.93
accu_train: 0.99 (n=5, n_profile=200, n_distinct=113, t=16964)
nv, 5, 7, 9, 11, 13, 15, 17, 19, 21, 23, 25, 27, 29, 31, 33
OklahomaVoting, 0.97, 0.96, 0.95, 0.95, 0.95, 0.94, 0.95, 0.95, 0.95, 0.95, 0.95, 0.95, 0.95, 0.95, 0.95
accu_train: 0.97 (n=7, n_profile=100, n_distinct=76, t=3516)
nv, 5, 7, 9, 11, 13, 15, 17, 19, 21, 23, 25, 27, 29, 31, 33
OklahomaVoting, 0.95, 0.92, 0.91, 0.92, 0.91, 0.92, 0.92, 0.92, 0.92, 0.92, 0.92, 0.92, 0.92, 0.92, 0.92
accu_train: 0.97 (n=7, n_profile=200, n_distinct=137, t=17787)
nv, 5, 7, 9, 11, 13, 15, 17, 19, 21, 23, 25, 27, 29, 31, 33
OklahomaVoting, 0.91, 0.92, 0.92, 0.92, 0.92, 0.92, 0.92, 0.93, 0.93, 0.93, 0.93, 0.93, 0.93, 0.93, 0.93
accu_train: 0.96 (n=7, n_profile=300, n_distinct=190, t=45021)
nv, 5, 7, 9, 11, 13, 15, 17, 19, 21, 23, 25, 27, 29, 31, 33
OklahomaVoting, 0.95, 0.93, 0.93, 0.93, 0.93, 0.93, 0.93, 0.93, 0.93, 0.93, 0.94, 0.94, 0.94, 0.94, 0.94
accu_train: 0.97 (n=7, n_profile=400, n_distinct=230, t=89506)
nv, 5, 7, 9, 11, 13, 15, 17, 19, 21, 23, 25, 27, 29, 31, 33
OklahomaVoting, 0.96, 0.95, 0.95, 0.94, 0.95, 0.95, 0.95, 0.95, 0.95, 0.95, 0.96, 0.95, 0.96, 0.95, 0.96
accu_train: 0.98 (n=7, n_profile=500, n_distinct=237, t=241799)
nv, 5, 7, 9, 11, 13, 15, 17, 19, 21, 23, 25, 27, 29, 31, 33
OklahomaVoting, 0.96, 0.96, 0.97, 0.96, 0.96, 0.96, 0.96, 0.97, 0.97, 0.97, 0.97, 0.97, 0.97, 0.97, 0.97
accu_train: 0.96 (n=7, n_profile=600, n_distinct=289, t=257773)
nv, 5, 7, 9, 11, 13, 15, 17, 19, 21, 23, 25, 27, 29, 31, 33
OklahomaVoting, 0.95, 0.95, 0.95, 0.94, 0.95, 0.94, 0.95, 0.94, 0.95, 0.95, 0.95, 0.95, 0.95, 0.95, 0.95
accu_train: 0.99 (n=7, n_profile=700, n_distinct=326, t=275431)
nv, 5, 7, 9, 11, 13, 15, 17, 19, 21, 23, 25, 27, 29, 31, 33
OklahomaVoting, 0.99, 0.98, 0.97, 0.97, 0.97, 0.97, 0.97, 0.97, 0.97, 0.97, 0.97, 0.97, 0.97, 0.97, 0.97
accu_train: 0.98 (n=9, n_profile=100, n_distinct=74, t=2966)
nv, 5, 7, 9, 11, 13, 15, 17, 19, 21, 23, 25, 27, 29, 31, 33
OklahomaVoting, 0.86, 0.87, 0.87, 0.87, 0.88, 0.88, 0.88, 0.88, 0.88, 0.88, 0.88, 0.89, 0.89, 0.89, 0.89
accu_train: 0.98 (n=9, n_profile=200, n_distinct=144, t=19531)
nv, 5, 7, 9, 11, 13, 15, 17, 19, 21, 23, 25, 27, 29, 31, 33
OklahomaVoting, 0.97, 0.96, 0.95, 0.95, 0.96, 0.96, 0.96, 0.96, 0.96, 0.96, 0.96, 0.96, 0.96, 0.96, 0.96
accu_train: 0.97 (n=9, n_profile=300, n_distinct=195, t=53739)
nv, 5, 7, 9, 11, 13, 15, 17, 19, 21, 23, 25, 27, 29, 31, 33
OklahomaVoting, 0.97, 0.94, 0.94, 0.94, 0.94, 0.94, 0.94, 0.94, 0.94, 0.94, 0.94, 0.94, 0.94, 0.94, 0.94
accu_train: 0.97 (n=9, n_profile=400, n_distinct=260, t=93365)
nv, 5, 7, 9, 11, 13, 15, 17, 19, 21, 23, 25, 27, 29, 31, 33
OklahomaVoting, 0.97, 0.95, 0.95, 0.95, 0.95, 0.95, 0.95, 0.95, 0.95, 0.95, 0.95, 0.95, 0.95, 0.96, 0.96
accu_train: 0.97 (n=9, n_profile=500, n_distinct=294, t=189330)
nv, 5, 7, 9, 11, 13, 15, 17, 19, 21, 23, 25, 27, 29, 31, 33
OklahomaVoting, 0.97, 0.96, 0.96, 0.96, 0.96, 0.96, 0.96, 0.96, 0.96, 0.96, 0.96, 0.96, 0.96, 0.96, 0.96
accu_train: 0.99 (n=9, n_profile=600, n_distinct=331, t=238872)
nv, 5, 7, 9, 11, 13, 15, 17, 19, 21, 23, 25, 27, 29, 31, 33
OklahomaVoting, 0.97, 0.96, 0.96, 0.96, 0.96, 0.96, 0.97, 0.97, 0.97, 0.97, 0.97, 0.97, 0.97, 0.97, 0.97
accu_train: 0.96 (n=9, n_profile=700, n_distinct=394, t=713128)
nv, 5, 7, 9, 11, 13, 15, 17, 19, 21, 23, 25, 27, 29, 31, 33
OklahomaVoting, 0.97, 0.96, 0.95, 0.95, 0.95, 0.96, 0.95, 0.95, 0.95, 0.96, 0.96, 0.96, 0.96, 0.95, 0.96
accu_train: 0.98 (n=9, n_profile=800, n_distinct=418, t=570119)
nv, 5, 7, 9, 11, 13, 15, 17, 19, 21, 23, 25, 27, 29, 31, 33
OklahomaVoting, 0.98, 0.97, 0.97, 0.97, 0.97, 0.97, 0.97, 0.97, 0.97, 0.97, 0.97, 0.97, 0.97, 0.97, 0.97
accu_train: 0.97 (n=9, n_profile=900, n_distinct=454, t=698118)
nv, 5, 7, 9, 11, 13, 15, 17, 19, 21, 23, 25, 27, 29, 31, 33
OklahomaVoting, 0.95, 0.93, 0.93, 0.94, 0.94, 0.94, 0.94, 0.94, 0.94, 0.94, 0.94, 0.94, 0.94, 0.94, 0.95
accu_train: 0.97 (n=9, n_profile=1000, n_distinct=496, t=955682)
nv, 5, 7, 9, 11, 13, 15, 17, 19, 21, 23, 25, 27, 29, 31, 33
OklahomaVoting, 0.97, 0.97, 0.96, 0.96, 0.96, 0.96, 0.96, 0.96, 0.96, 0.96, 0.96, 0.96, 0.96, 0.96, 0.97
accu_train: 0.96 (n=11, n_profile=100, n_distinct=72, t=6640)
nv, 5, 7, 9, 11, 13, 15, 17, 19, 21, 23, 25, 27, 29, 31, 33
OklahomaVoting, 0.91, 0.90, 0.90, 0.90, 0.90, 0.90, 0.90, 0.90, 0.90, 0.90, 0.90, 0.91, 0.91, 0.91, 0.91
accu_train: 0.97 (n=11, n_profile=200, n_distinct=132, t=24779)
nv, 5, 7, 9, 11, 13, 15, 17, 19, 21, 23, 25, 27, 29, 31, 33
OklahomaVoting, 0.94, 0.93, 0.93, 0.93, 0.93, 0.93, 0.93, 0.93, 0.94, 0.94, 0.94, 0.94, 0.94, 0.94, 0.94
accu_train: 0.93 (n=11, n_profile=300, n_distinct=200, t=71761)
nv, 5, 7, 9, 11, 13, 15, 17, 19, 21, 23, 25, 27, 29, 31, 33
OklahomaVoting, 0.91, 0.91, 0.91, 0.92, 0.92, 0.92, 0.92, 0.92, 0.92, 0.92, 0.92, 0.93, 0.93, 0.93, 0.93
accu_train: 0.98 (n=11, n_profile=400, n_distinct=285, t=118000)
nv, 5, 7, 9, 11, 13, 15, 17, 19, 21, 23, 25, 27, 29, 31, 33
OklahomaVoting, 0.94, 0.94, 0.94, 0.94, 0.94, 0.94, 0.94, 0.95, 0.95, 0.95, 0.95, 0.95, 0.95, 0.95, 0.95
accu_train: 0.97 (n=11, n_profile=500, n_distinct=312, t=302998)
nv, 5, 7, 9, 11, 13, 15, 17, 19, 21, 23, 25, 27, 29, 31, 33
OklahomaVoting, 0.95, 0.95, 0.95, 0.95, 0.95, 0.95, 0.95, 0.95, 0.95, 0.95, 0.95, 0.95, 0.95, 0.95, 0.95
accu_train: 0.96 (n=11, n_profile=600, n_distinct=351, t=311295)
nv, 5, 7, 9, 11, 13, 15, 17, 19, 21, 23, 25, 27, 29, 31, 33
OklahomaVoting, 0.91, 0.93, 0.93, 0.93, 0.93, 0.93, 0.93, 0.93, 0.93, 0.93, 0.93, 0.93, 0.93, 0.93, 0.93
accu_train: 0.97 (n=11, n_profile=700, n_distinct=391, t=337008)
nv, 5, 7, 9, 11, 13, 15, 17, 19, 21, 23, 25, 27, 29, 31, 33
OklahomaVoting, 0.90, 0.91, 0.91, 0.91, 0.92, 0.92, 0.92, 0.92, 0.92, 0.92, 0.93, 0.93, 0.93, 0.93, 0.93
accu_train: 0.99 (n=11, n_profile=800, n_distinct=463, t=413672)
nv, 5, 7, 9, 11, 13, 15, 17, 19, 21, 23, 25, 27, 29, 31, 33
OklahomaVoting, 0.94, 0.95, 0.96, 0.96, 0.96, 0.96, 0.96, 0.96, 0.96, 0.96, 0.96, 0.96, 0.97, 0.97, 0.97
accu_train: 0.97 (n=11, n_profile=900, n_distinct=504, t=538598)
nv, 5, 7, 9, 11, 13, 15, 17, 19, 21, 23, 25, 27, 29, 31, 33
OklahomaVoting, 0.97, 0.96, 0.96, 0.96, 0.96, 0.96, 0.96, 0.96, 0.96, 0.96, 0.97, 0.97, 0.97, 0.97, 0.97
accu_train: 0.98 (n=11, n_profile=1000, n_distinct=543, t=833692)
nv, 5, 7, 9, 11, 13, 15, 17, 19, 21, 23, 25, 27, 29, 31, 33
OklahomaVoting, 0.95, 0.94, 0.94, 0.95, 0.95, 0.95, 0.95, 0.95, 0.95, 0.95, 0.96, 0.96, 0.96, 0.96, 0.96
accu_train: 0.92 (n=13, n_profile=100, n_distinct=68, t=4427)
nv, 5, 7, 9, 11, 13, 15, 17, 19, 21, 23, 25, 27, 29, 31, 33
OklahomaVoting, 0.92, 0.91, 0.90, 0.91, 0.91, 0.91, 0.91, 0.91, 0.91, 0.91, 0.91, 0.91, 0.91, 0.91, 0.91
accu_train: 0.97 (n=13, n_profile=200, n_distinct=140, t=17262)
nv, 5, 7, 9, 11, 13, 15, 17, 19, 21, 23, 25, 27, 29, 31, 33
OklahomaVoting, 0.85, 0.87, 0.88, 0.86, 0.87, 0.88, 0.87, 0.88, 0.88, 0.88, 0.88, 0.89, 0.89, 0.88, 0.89
accu_train: 0.97 (n=13, n_profile=300, n_distinct=204, t=54439)
nv, 5, 7, 9, 11, 13, 15, 17, 19, 21, 23, 25, 27, 29, 31, 33
OklahomaVoting, 0.89, 0.89, 0.90, 0.90, 0.90, 0.90, 0.90, 0.91, 0.91, 0.91, 0.91, 0.91, 0.91, 0.91, 0.91
accu_train: 0.96 (n=13, n_profile=400, n_distinct=263, t=132542)
nv, 5, 7, 9, 11, 13, 15, 17, 19, 21, 23, 25, 27, 29, 31, 33
OklahomaVoting, 0.90, 0.89, 0.89, 0.90, 0.90, 0.90, 0.90, 0.90, 0.90, 0.91, 0.91, 0.91, 0.91, 0.91, 0.91
accu_train: 0.99 (n=13, n_profile=500, n_distinct=318, t=139438)
nv, 5, 7, 9, 11, 13, 15, 17, 19, 21, 23, 25, 27, 29, 31, 33
OklahomaVoting, 0.95, 0.95, 0.95, 0.96, 0.96, 0.96, 0.96, 0.96, 0.96, 0.96, 0.96, 0.96, 0.96, 0.96, 0.96
accu_train: 0.98 (n=13, n_profile=600, n_distinct=388, t=215784)
nv, 5, 7, 9, 11, 13, 15, 17, 19, 21, 23, 25, 27, 29, 31, 33
OklahomaVoting, 0.94, 0.94, 0.94, 0.94, 0.94, 0.95, 0.95, 0.95, 0.95, 0.95, 0.95, 0.95, 0.95, 0.95, 0.95
accu_train: 0.99 (n=13, n_profile=700, n_distinct=427, t=241173)
nv, 5, 7, 9, 11, 13, 15, 17, 19, 21, 23, 25, 27, 29, 31, 33
OklahomaVoting, 0.95, 0.94, 0.94, 0.95, 0.95, 0.95, 0.95, 0.95, 0.95, 0.95, 0.95, 0.95, 0.95, 0.95, 0.95
accu_train: 0.99 (n=13, n_profile=800, n_distinct=472, t=450170)
nv, 5, 7, 9, 11, 13, 15, 17, 19, 21, 23, 25, 27, 29, 31, 33
OklahomaVoting, 0.95, 0.95, 0.95, 0.95, 0.95, 0.96, 0.96, 0.96, 0.96, 0.96, 0.96, 0.96, 0.96, 0.96, 0.96
accu_train: 0.98 (n=13, n_profile=900, n_distinct=544, t=679988)
nv, 5, 7, 9, 11, 13, 15, 17, 19, 21, 23, 25, 27, 29, 31, 33
OklahomaVoting, 0.95, 0.95, 0.94, 0.95, 0.95, 0.95, 0.95, 0.95, 0.95, 0.96, 0.96, 0.96, 0.96, 0.96, 0.96
accu_train: 0.99 (n=13, n_profile=1000, n_distinct=555, t=621650)
nv, 5, 7, 9, 11, 13, 15, 17, 19, 21, 23, 25, 27, 29, 31, 33
OklahomaVoting, 0.95, 0.95, 0.95, 0.95, 0.95, 0.96, 0.96, 0.96, 0.96, 0.96, 0.96, 0.96, 0.96, 0.96, 0.96
accu_train: 0.95 (n=15, n_profile=100, n_distinct=72, t=4879)
nv, 5, 7, 9, 11, 13, 15, 17, 19, 21, 23, 25, 27, 29, 31, 33
OklahomaVoting, 0.92, 0.92, 0.92, 0.92, 0.92, 0.92, 0.93, 0.93, 0.93, 0.93, 0.93, 0.93, 0.93, 0.93, 0.93
accu_train: 0.97 (n=15, n_profile=200, n_distinct=136, t=17537)
nv, 5, 7, 9, 11, 13, 15, 17, 19, 21, 23, 25, 27, 29, 31, 33
OklahomaVoting, 0.93, 0.92, 0.93, 0.93, 0.93, 0.93, 0.93, 0.93, 0.94, 0.94, 0.94, 0.94, 0.94, 0.94, 0.94
accu_train: 0.98 (n=15, n_profile=300, n_distinct=196, t=38624)
nv, 5, 7, 9, 11, 13, 15, 17, 19, 21, 23, 25, 27, 29, 31, 33
OklahomaVoting, 0.95, 0.94, 0.95, 0.95, 0.95, 0.95, 0.95, 0.95, 0.95, 0.95, 0.95, 0.95, 0.96, 0.96, 0.96
accu_train: 0.98 (n=15, n_profile=400, n_distinct=264, t=117738)
nv, 5, 7, 9, 11, 13, 15, 17, 19, 21, 23, 25, 27, 29, 31, 33
OklahomaVoting, 0.93, 0.93, 0.92, 0.93, 0.93, 0.93, 0.93, 0.93, 0.93, 0.93, 0.94, 0.94, 0.94, 0.94, 0.94
accu_train: 0.95 (n=15, n_profile=500, n_distinct=316, t=238667)
nv, 5, 7, 9, 11, 13, 15, 17, 19, 21, 23, 25, 27, 29, 31, 33
OklahomaVoting, 0.93, 0.92, 0.92, 0.92, 0.92, 0.93, 0.93, 0.93, 0.93, 0.93, 0.93, 0.93, 0.93, 0.93, 0.93
accu_train: 0.95 (n=15, n_profile=600, n_distinct=409, t=261850)
nv, 5, 7, 9, 11, 13, 15, 17, 19, 21, 23, 25, 27, 29, 31, 33
OklahomaVoting, 0.96, 0.94, 0.94, 0.94, 0.94, 0.94, 0.94, 0.94, 0.95, 0.94, 0.95, 0.95, 0.95, 0.95, 0.95
accu_train: 0.98 (n=15, n_profile=700, n_distinct=450, t=644365)
nv, 5, 7, 9, 11, 13, 15, 17, 19, 21, 23, 25, 27, 29, 31, 33
OklahomaVoting, 0.95, 0.96, 0.96, 0.96, 0.96, 0.96, 0.96, 0.96, 0.96, 0.96, 0.96, 0.96, 0.96, 0.97, 0.97
accu_train: 0.99 (n=15, n_profile=800, n_distinct=527, t=418623)
nv, 5, 7, 9, 11, 13, 15, 17, 19, 21, 23, 25, 27, 29, 31, 33
OklahomaVoting, 0.97, 0.96, 0.95, 0.95, 0.95, 0.96, 0.96, 0.96, 0.96, 0.96, 0.96, 0.96, 0.96, 0.96, 0.96
accu_train: 0.98 (n=15, n_profile=900, n_distinct=550, t=594127)
nv, 5, 7, 9, 11, 13, 15, 17, 19, 21, 23, 25, 27, 29, 31, 33
OklahomaVoting, 0.95, 0.96, 0.96, 0.96, 0.96, 0.96, 0.96, 0.96, 0.96, 0.96, 0.96, 0.96, 0.96, 0.96, 0.96
