accu_train: 0.94 (n=5, n_profile=100, n_distinct=79, t=5681)
nv, 5, 7, 9, 11, 13, 15, 17, 19, 21, 23, 25, 27, 29, 31, 33
IRV-SE, 0.88, 0.88, 0.84, 0.86, 0.82, 0.84, 0.85, 0.82, 0.84, 0.82, 0.83, 0.84, 0.82, 0.83, 0.82
accu_train: 1.00 (n=5, n_profile=200, n_distinct=116, t=22951)
nv, 5, 7, 9, 11, 13, 15, 17, 19, 21, 23, 25, 27, 29, 31, 33
IRV-SE, 0.99, 0.95, 0.96, 0.95, 0.95, 0.95, 0.95, 0.95, 0.95, 0.95, 0.95, 0.95, 0.95, 0.94, 0.94
accu_train: 0.93 (n=7, n_profile=100, n_distinct=90, t=4445)
nv, 5, 7, 9, 11, 13, 15, 17, 19, 21, 23, 25, 27, 29, 31, 33
IRV-SE, 0.94, 0.90, 0.87, 0.87, 0.87, 0.88, 0.87, 0.88, 0.86, 0.85, 0.86, 0.86, 0.86, 0.86, 0.86
accu_train: 0.94 (n=7, n_profile=200, n_distinct=153, t=23139)
nv, 5, 7, 9, 11, 13, 15, 17, 19, 21, 23, 25, 27, 29, 31, 33
IRV-SE, 0.93, 0.93, 0.91, 0.91, 0.90, 0.90, 0.90, 0.89, 0.89, 0.89, 0.89, 0.89, 0.89, 0.89, 0.88
accu_train: 0.94 (n=7, n_profile=300, n_distinct=218, t=63334)
nv, 5, 7, 9, 11, 13, 15, 17, 19, 21, 23, 25, 27, 29, 31, 33
IRV-SE, 0.94, 0.95, 0.92, 0.92, 0.93, 0.92, 0.92, 0.92, 0.92, 0.92, 0.91, 0.91, 0.91, 0.91, 0.91
accu_train: 0.98 (n=7, n_profile=400, n_distinct=256, t=86317)
nv, 5, 7, 9, 11, 13, 15, 17, 19, 21, 23, 25, 27, 29, 31, 33
IRV-SE, 0.97, 0.96, 0.93, 0.95, 0.94, 0.93, 0.94, 0.93, 0.93, 0.93, 0.93, 0.93, 0.93, 0.93, 0.93
accu_train: 0.96 (n=7, n_profile=500, n_distinct=291, t=175420)
nv, 5, 7, 9, 11, 13, 15, 17, 19, 21, 23, 25, 27, 29, 31, 33
IRV-SE, 0.98, 0.98, 0.95, 0.95, 0.94, 0.95, 0.94, 0.94, 0.93, 0.93, 0.93, 0.93, 0.92, 0.92, 0.92
accu_train: 0.97 (n=7, n_profile=600, n_distinct=325, t=1016002)
nv, 5, 7, 9, 11, 13, 15, 17, 19, 21, 23, 25, 27, 29, 31, 33
IRV-SE, 0.96, 0.98, 0.94, 0.96, 0.95, 0.94, 0.94, 0.94, 0.94, 0.94, 0.94, 0.94, 0.93, 0.93, 0.93
accu_train: 0.97 (n=7, n_profile=700, n_distinct=347, t=338613)
nv, 5, 7, 9, 11, 13, 15, 17, 19, 21, 23, 25, 27, 29, 31, 33
IRV-SE, 0.97, 0.97, 0.94, 0.94, 0.93, 0.92, 0.93, 0.93, 0.93, 0.93, 0.93, 0.92, 0.92, 0.92, 0.92
accu_train: 0.90 (n=9, n_profile=100, n_distinct=96, t=6720)
nv, 5, 7, 9, 11, 13, 15, 17, 19, 21, 23, 25, 27, 29, 31, 33
IRV-SE, 0.88, 0.86, 0.85, 0.84, 0.84, 0.84, 0.83, 0.84, 0.83, 0.83, 0.83, 0.83, 0.83, 0.83, 0.83
accu_train: 0.93 (n=9, n_profile=200, n_distinct=177, t=28703)
nv, 5, 7, 9, 11, 13, 15, 17, 19, 21, 23, 25, 27, 29, 31, 33
IRV-SE, 0.92, 0.89, 0.89, 0.87, 0.87, 0.87, 0.87, 0.87, 0.87, 0.87, 0.87, 0.87, 0.86, 0.86, 0.86
accu_train: 0.93 (n=9, n_profile=300, n_distinct=249, t=87121)
nv, 5, 7, 9, 11, 13, 15, 17, 19, 21, 23, 25, 27, 29, 31, 33
IRV-SE, 0.92, 0.93, 0.91, 0.91, 0.91, 0.90, 0.90, 0.90, 0.89, 0.89, 0.89, 0.89, 0.89, 0.89, 0.89
accu_train: 0.94 (n=9, n_profile=400, n_distinct=304, t=142111)
nv, 5, 7, 9, 11, 13, 15, 17, 19, 21, 23, 25, 27, 29, 31, 33
IRV-SE, 0.96, 0.91, 0.92, 0.91, 0.91, 0.91, 0.91, 0.90, 0.90, 0.90, 0.90, 0.90, 0.90, 0.90, 0.90
accu_train: 0.93 (n=9, n_profile=500, n_distinct=359, t=277601)
nv, 5, 7, 9, 11, 13, 15, 17, 19, 21, 23, 25, 27, 29, 31, 33
IRV-SE, 0.94, 0.91, 0.92, 0.90, 0.90, 0.90, 0.90, 0.90, 0.90, 0.90, 0.90, 0.90, 0.90, 0.90, 0.90
accu_train: 0.92 (n=9, n_profile=600, n_distinct=415, t=381897)
nv, 5, 7, 9, 11, 13, 15, 17, 19, 21, 23, 25, 27, 29, 31, 33
IRV-SE, 0.93, 0.91, 0.90, 0.90, 0.89, 0.89, 0.89, 0.89, 0.89, 0.89, 0.89, 0.89, 0.88, 0.88, 0.88
accu_train: 0.95 (n=9, n_profile=700, n_distinct=467, t=439388)
nv, 5, 7, 9, 11, 13, 15, 17, 19, 21, 23, 25, 27, 29, 31, 33
IRV-SE, 0.94, 0.92, 0.93, 0.92, 0.92, 0.92, 0.92, 0.92, 0.92, 0.92, 0.92, 0.92, 0.91, 0.92, 0.91
accu_train: 0.92 (n=9, n_profile=800, n_distinct=508, t=683776)
nv, 5, 7, 9, 11, 13, 15, 17, 19, 21, 23, 25, 27, 29, 31, 33
IRV-SE, 0.93, 0.92, 0.92, 0.91, 0.92, 0.91, 0.91, 0.91, 0.90, 0.90, 0.90, 0.90, 0.90, 0.90, 0.90
accu_train: 0.96 (n=9, n_profile=900, n_distinct=561, t=762183)
nv, 5, 7, 9, 11, 13, 15, 17, 19, 21, 23, 25, 27, 29, 31, 33
IRV-SE, 0.96, 0.95, 0.95, 0.94, 0.94, 0.94, 0.93, 0.93, 0.93, 0.93, 0.93, 0.93, 0.93, 0.93, 0.93
accu_train: 0.96 (n=9, n_profile=1000, n_distinct=580, t=1129394)
nv, 5, 7, 9, 11, 13, 15, 17, 19, 21, 23, 25, 27, 29, 31, 33
IRV-SE, 0.97, 0.96, 0.95, 0.95, 0.95, 0.95, 0.94, 0.94, 0.94, 0.94, 0.94, 0.94, 0.94, 0.94, 0.94
accu_train: 0.87 (n=11, n_profile=100, n_distinct=97, t=7341)
nv, 5, 7, 9, 11, 13, 15, 17, 19, 21, 23, 25, 27, 29, 31, 33
IRV-SE, 0.83, 0.82, 0.83, 0.82, 0.82, 0.82, 0.82, 0.81, 0.81, 0.81, 0.81, 0.81, 0.81, 0.81, 0.81
accu_train: 0.94 (n=11, n_profile=200, n_distinct=177, t=34065)
nv, 5, 7, 9, 11, 13, 15, 17, 19, 21, 23, 25, 27, 29, 31, 33
IRV-SE, 0.92, 0.90, 0.89, 0.89, 0.88, 0.88, 0.88, 0.88, 0.88, 0.88, 0.88, 0.88, 0.88, 0.88, 0.88
accu_train: 0.96 (n=11, n_profile=300, n_distinct=270, t=80276)
nv, 5, 7, 9, 11, 13, 15, 17, 19, 21, 23, 25, 27, 29, 31, 33
IRV-SE, 0.95, 0.95, 0.92, 0.93, 0.92, 0.92, 0.91, 0.91, 0.91, 0.91, 0.91, 0.90, 0.91, 0.90, 0.91
accu_train: 0.94 (n=11, n_profile=400, n_distinct=335, t=150350)
nv, 5, 7, 9, 11, 13, 15, 17, 19, 21, 23, 25, 27, 29, 31, 33
IRV-SE, 0.96, 0.92, 0.91, 0.91, 0.90, 0.90, 0.90, 0.90, 0.90, 0.90, 0.90, 0.90, 0.90, 0.90, 0.90
accu_train: 0.92 (n=11, n_profile=500, n_distinct=429, t=287747)
nv, 5, 7, 9, 11, 13, 15, 17, 19, 21, 23, 25, 27, 29, 31, 33
IRV-SE, 0.90, 0.89, 0.88, 0.88, 0.88, 0.87, 0.87, 0.87, 0.87, 0.87, 0.87, 0.88, 0.88, 0.88, 0.88
accu_train: 0.93 (n=11, n_profile=600, n_distinct=484, t=562592)
nv, 5, 7, 9, 11, 13, 15, 17, 19, 21, 23, 25, 27, 29, 31, 33
IRV-SE, 0.92, 0.89, 0.89, 0.89, 0.88, 0.89, 0.88, 0.88, 0.88, 0.88, 0.88, 0.88, 0.88, 0.88, 0.88
accu_train: 0.93 (n=11, n_profile=700, n_distinct=533, t=467016)
nv, 5, 7, 9, 11, 13, 15, 17, 19, 21, 23, 25, 27, 29, 31, 33
IRV-SE, 0.90, 0.90, 0.88, 0.89, 0.88, 0.88, 0.88, 0.88, 0.88, 0.88, 0.87, 0.87, 0.87, 0.87, 0.87
accu_train: 0.92 (n=11, n_profile=800, n_distinct=595, t=685323)
nv, 5, 7, 9, 11, 13, 15, 17, 19, 21, 23, 25, 27, 29, 31, 33
IRV-SE, 0.96, 0.92, 0.91, 0.92, 0.91, 0.91, 0.91, 0.90, 0.90, 0.90, 0.90, 0.90, 0.90, 0.90, 0.90
accu_train: 0.94 (n=11, n_profile=900, n_distinct=640, t=693610)
nv, 5, 7, 9, 11, 13, 15, 17, 19, 21, 23, 25, 27, 29, 31, 33
IRV-SE, 0.95, 0.96, 0.93, 0.94, 0.93, 0.93, 0.93, 0.93, 0.93, 0.93, 0.92, 0.93, 0.93, 0.92, 0.92
accu_train: 0.94 (n=11, n_profile=1000, n_distinct=711, t=948228)
nv, 5, 7, 9, 11, 13, 15, 17, 19, 21, 23, 25, 27, 29, 31, 33
IRV-SE, 0.96, 0.96, 0.93, 0.94, 0.93, 0.93, 0.93, 0.93, 0.93, 0.93, 0.92, 0.92, 0.92, 0.92, 0.92
accu_train: 0.88 (n=13, n_profile=100, n_distinct=94, t=5927)
nv, 5, 7, 9, 11, 13, 15, 17, 19, 21, 23, 25, 27, 29, 31, 33
IRV-SE, 0.85, 0.83, 0.82, 0.83, 0.82, 0.83, 0.82, 0.82, 0.82, 0.82, 0.82, 0.82, 0.82, 0.82, 0.82
accu_train: 0.91 (n=13, n_profile=200, n_distinct=188, t=27440)
nv, 5, 7, 9, 11, 13, 15, 17, 19, 21, 23, 25, 27, 29, 31, 33
IRV-SE, 0.93, 0.90, 0.88, 0.88, 0.88, 0.87, 0.87, 0.87, 0.87, 0.87, 0.87, 0.87, 0.87, 0.87, 0.87
accu_train: 0.91 (n=13, n_profile=300, n_distinct=277, t=69454)
nv, 5, 7, 9, 11, 13, 15, 17, 19, 21, 23, 25, 27, 29, 31, 33
IRV-SE, 0.91, 0.89, 0.89, 0.89, 0.88, 0.88, 0.88, 0.88, 0.88, 0.88, 0.88, 0.88, 0.88, 0.88, 0.88
accu_train: 0.92 (n=13, n_profile=400, n_distinct=359, t=173984)
nv, 5, 7, 9, 11, 13, 15, 17, 19, 21, 23, 25, 27, 29, 31, 33
IRV-SE, 0.95, 0.95, 0.94, 0.93, 0.92, 0.92, 0.92, 0.91, 0.91, 0.91, 0.91, 0.91, 0.91, 0.91, 0.91
accu_train: 0.90 (n=13, n_profile=500, n_distinct=443, t=279158)
nv, 5, 7, 9, 11, 13, 15, 17, 19, 21, 23, 25, 27, 29, 31, 33
IRV-SE, 0.90, 0.89, 0.88, 0.88, 0.88, 0.87, 0.87, 0.87, 0.87, 0.87, 0.87, 0.87, 0.87, 0.87, 0.87
accu_train: 0.91 (n=13, n_profile=600, n_distinct=511, t=388750)
nv, 5, 7, 9, 11, 13, 15, 17, 19, 21, 23, 25, 27, 29, 31, 33
IRV-SE, 0.94, 0.90, 0.90, 0.90, 0.90, 0.89, 0.89, 0.89, 0.89, 0.89, 0.89, 0.89, 0.89, 0.89, 0.89
accu_train: 0.92 (n=13, n_profile=700, n_distinct=571, t=503254)
nv, 5, 7, 9, 11, 13, 15, 17, 19, 21, 23, 25, 27, 29, 31, 33
IRV-SE, 0.92, 0.89, 0.89, 0.88, 0.88, 0.88, 0.88, 0.88, 0.88, 0.88, 0.88, 0.88, 0.88, 0.88, 0.88
accu_train: 0.89 (n=13, n_profile=800, n_distinct=655, t=646007)
nv, 5, 7, 9, 11, 13, 15, 17, 19, 21, 23, 25, 27, 29, 31, 33
IRV-SE, 0.94, 0.91, 0.90, 0.90, 0.89, 0.89, 0.89, 0.89, 0.89, 0.89, 0.89, 0.89, 0.89, 0.89, 0.89
accu_train: 0.91 (n=13, n_profile=900, n_distinct=701, t=1012302)
nv, 5, 7, 9, 11, 13, 15, 17, 19, 21, 23, 25, 27, 29, 31, 33
IRV-SE, 0.95, 0.92, 0.90, 0.90, 0.90, 0.90, 0.90, 0.90, 0.89, 0.89, 0.89, 0.89, 0.89, 0.89, 0.89
accu_train: 0.92 (n=13, n_profile=1000, n_distinct=789, t=1281232)
nv, 5, 7, 9, 11, 13, 15, 17, 19, 21, 23, 25, 27, 29, 31, 33
IRV-SE, 0.92, 0.92, 0.90, 0.90, 0.90, 0.89, 0.89, 0.89, 0.89, 0.89, 0.89, 0.89, 0.89, 0.89, 0.89
accu_train: 0.84 (n=15, n_profile=100, n_distinct=98, t=7028)
nv, 5, 7, 9, 11, 13, 15, 17, 19, 21, 23, 25, 27, 29, 31, 33
IRV-SE, 0.79, 0.78, 0.77, 0.77, 0.76, 0.76, 0.76, 0.76, 0.76, 0.76, 0.76, 0.76, 0.76, 0.76, 0.76
accu_train: 0.91 (n=15, n_profile=200, n_distinct=188, t=29163)
nv, 5, 7, 9, 11, 13, 15, 17, 19, 21, 23, 25, 27, 29, 31, 33
IRV-SE, 0.91, 0.88, 0.87, 0.87, 0.87, 0.86, 0.87, 0.86, 0.86, 0.86, 0.86, 0.86, 0.86, 0.86, 0.86
accu_train: 0.86 (n=15, n_profile=300, n_distinct=288, t=79792)
nv, 5, 7, 9, 11, 13, 15, 17, 19, 21, 23, 25, 27, 29, 31, 33
IRV-SE, 0.90, 0.90, 0.89, 0.88, 0.88, 0.87, 0.87, 0.87, 0.87, 0.87, 0.87, 0.87, 0.87, 0.87, 0.87
accu_train: 0.90 (n=15, n_profile=400, n_distinct=372, t=176957)
nv, 5, 7, 9, 11, 13, 15, 17, 19, 21, 23, 25, 27, 29, 31, 33
IRV-SE, 0.89, 0.88, 0.88, 0.87, 0.87, 0.87, 0.87, 0.87, 0.87, 0.87, 0.87, 0.87, 0.87, 0.87, 0.87
accu_train: 0.90 (n=15, n_profile=500, n_distinct=444, t=253669)
nv, 5, 7, 9, 11, 13, 15, 17, 19, 21, 23, 25, 27, 29, 31, 33
IRV-SE, 0.94, 0.91, 0.90, 0.90, 0.89, 0.89, 0.89, 0.89, 0.89, 0.89, 0.88, 0.88, 0.88, 0.88, 0.88
accu_train: 0.91 (n=15, n_profile=600, n_distinct=539, t=371515)
nv, 5, 7, 9, 11, 13, 15, 17, 19, 21, 23, 25, 27, 29, 31, 33
IRV-SE, 0.94, 0.93, 0.91, 0.91, 0.90, 0.91, 0.90, 0.90, 0.90, 0.89, 0.89, 0.89, 0.89, 0.89, 0.89
accu_train: 0.90 (n=15, n_profile=700, n_distinct=618, t=455094)
nv, 5, 7, 9, 11, 13, 15, 17, 19, 21, 23, 25, 27, 29, 31, 33
IRV-SE, 0.93, 0.90, 0.91, 0.90, 0.89, 0.90, 0.89, 0.89, 0.89, 0.89, 0.89, 0.89, 0.89, 0.89, 0.89
accu_train: 0.89 (n=15, n_profile=800, n_distinct=687, t=778819)
nv, 5, 7, 9, 11, 13, 15, 17, 19, 21, 23, 25, 27, 29, 31, 33
IRV-SE, 0.94, 0.90, 0.90, 0.90, 0.89, 0.89, 0.89, 0.89, 0.88, 0.88, 0.88, 0.88, 0.88, 0.88, 0.88
accu_train: 0.91 (n=15, n_profile=900, n_distinct=757, t=981217)
nv, 5, 7, 9, 11, 13, 15, 17, 19, 21, 23, 25, 27, 29, 31, 33
IRV-SE, 0.96, 0.94, 0.93, 0.92, 0.92, 0.91, 0.91, 0.91, 0.91, 0.91, 0.91, 0.91, 0.91, 0.91, 0.90
accu_train: 0.88 (n=15, n_profile=1000, n_distinct=823, t=1390730)
nv, 5, 7, 9, 11, 13, 15, 17, 19, 21, 23, 25, 27, 29, 31, 33
IRV-SE, 0.93, 0.89, 0.89, 0.89, 0.89, 0.89, 0.89, 0.89, 0.89, 0.88, 0.89, 0.89, 0.88, 0.89, 0.89
